 0.000968, 0.022751, 0.037305, 0.217539, 0.536032, 0.002287, 0.002450, 0.008047, 0.019107, 0.001270, 0.000448, 0.085359, 0.001233, 0.053515, 0.000248, 0.011441
 0.000948, 0.022438, 0.036880, 0.212599, 0.543335, 0.002260, 0.002419, 0.007991, 0.018967, 0.001268, 0.000444, 0.085325, 0.001200, 0.052364, 0.000245, 0.011317
 0.000715, 0.014153, 0.023499, 0.151782, 0.679294, 0.001375, 0.001428, 0.005588, 0.013170, 0.001063, 0.000277, 0.066456, 0.000707, 0.033098, 0.000179, 0.007216
 0.000793, 0.012131, 0.018850, 0.188523, 0.658457, 0.001072, 0.001160, 0.004993, 0.011884, 0.001000, 0.000246, 0.062115, 0.000748, 0.031659, 0.000183, 0.006188
 0.000828, 0.016921, 0.027791, 0.180257, 0.624138, 0.001640, 0.001725, 0.006445, 0.015232, 0.001155, 0.000330, 0.073503, 0.000887, 0.040367, 0.000207, 0.008572
 0.001008, 0.025570, 0.041956, 0.227923, 0.503681, 0.002620, 0.002826, 0.008717, 0.020737, 0.001303, 0.000505, 0.089585, 0.001396, 0.059106, 0.000262, 0.012805
 0.000892, 0.019403, 0.031818, 0.197290, 0.584326, 0.001905, 0.002022, 0.007177, 0.017003, 0.001218, 0.000380, 0.079453, 0.001032, 0.046034, 0.000227, 0.009820
 0.000753, 0.015224, 0.025196, 0.161467, 0.658611, 0.001480, 0.001545, 0.005951, 0.014037, 0.001105, 0.000299, 0.069891, 0.000770, 0.035722, 0.000190, 0.007759
 0.000786, 0.016092, 0.026563, 0.169839, 0.641816, 0.001564, 0.001640, 0.006223, 0.014696, 0.001135, 0.000315, 0.072176, 0.000824, 0.037936, 0.000199, 0.008196
 0.000997, 0.025133, 0.041276, 0.225334, 0.509385, 0.002574, 0.002771, 0.008636, 0.020530, 0.001300, 0.000498, 0.089299, 0.001363, 0.058040, 0.000260, 0.012606
 0.000719, 0.014360, 0.023843, 0.152916, 0.675756, 0.001397, 0.001452, 0.005669, 0.013361, 0.001072, 0.000282, 0.067416, 0.000717, 0.033530, 0.000181, 0.007328
 0.000850, 0.017711, 0.029072, 0.186084, 0.610778, 0.001722, 0.001818, 0.006689, 0.015825, 0.001179, 0.000346, 0.075600, 0.000933, 0.042202, 0.000214, 0.008979
 0.001022, 0.029667, 0.049096, 0.231065, 0.469499, 0.003171, 0.003422, 0.009718, 0.023097, 0.001344, 0.000595, 0.096244, 0.001572, 0.065379, 0.000277, 0.014835
 0.000780, 0.015473, 0.025494, 0.167893, 0.650489, 0.001494, 0.001563, 0.005994, 0.014149, 0.001110, 0.000302, 0.069615, 0.000799, 0.036798, 0.000194, 0.007853
 0.000775, 0.015841, 0.026177, 0.166956, 0.646966, 0.001540, 0.001613, 0.006152, 0.014524, 0.001128, 0.000311, 0.071700, 0.000807, 0.037236, 0.000196, 0.008078
 0.000766, 0.015530, 0.025677, 0.164631, 0.652420, 0.001508, 0.001578, 0.006048, 0.014276, 0.001117, 0.000304, 0.070724, 0.000789, 0.036522, 0.000193, 0.007917
 0.000636, 0.012591, 0.021093, 0.132695, 0.714264, 0.001234, 0.001273, 0.005058, 0.011908, 0.000991, 0.000247, 0.061897, 0.000606, 0.028900, 0.000160, 0.006447
 0.000781, 0.015794, 0.026059, 0.168329, 0.646417, 0.001532, 0.001604, 0.006120, 0.014448, 0.001124, 0.000309, 0.071127, 0.000810, 0.037315, 0.000196, 0.008034
 0.000771, 0.012141, 0.019115, 0.180772, 0.666550, 0.001081, 0.001163, 0.004981, 0.011854, 0.001002, 0.000244, 0.061984, 0.000723, 0.031244, 0.000180, 0.006197
 0.000973, 0.031046, 0.051935, 0.217894, 0.471197, 0.003422, 0.003668, 0.010206, 0.024187, 0.001377, 0.000634, 0.101591, 0.001541, 0.064306, 0.000275, 0.015748
 0.000973, 0.030910, 0.051698, 0.217677, 0.472457, 0.003402, 0.003647, 0.010171, 0.024108, 0.001376, 0.000630, 0.101370, 0.001536, 0.064087, 0.000275, 0.015683
 0.000907, 0.019866, 0.032568, 0.201277, 0.576417, 0.001953, 0.002080, 0.007293, 0.017297, 0.001226, 0.000389, 0.080177, 0.001063, 0.047206, 0.000230, 0.010049
 0.001254, 0.007264, 0.009904, 0.404938, 0.490468, 0.000536, 0.000646, 0.003017, 0.007491, 0.000655, 0.000173, 0.040884, 0.000964, 0.028352, 0.000198, 0.003257
 0.000973, 0.023088, 0.037889, 0.219267, 0.531735, 0.002327, 0.002500, 0.008120, 0.019300, 0.001273, 0.000455, 0.085753, 0.001254, 0.054208, 0.000250, 0.011609
 0.000716, 0.014211, 0.023605, 0.151916, 0.678411, 0.001381, 0.001436, 0.005613, 0.013231, 0.001066, 0.000278, 0.066790, 0.000709, 0.033206, 0.000180, 0.007252
 0.000711, 0.014090, 0.023409, 0.150749, 0.680829, 0.001370, 0.001423, 0.005572, 0.013132, 0.001061, 0.000276, 0.066411, 0.000702, 0.032898, 0.000178, 0.007190
 0.000942, 0.033458, 0.056874, 0.209611, 0.459881, 0.003848, 0.004093, 0.010917, 0.025787, 0.001408, 0.000696, 0.107836, 0.001565, 0.065661, 0.000279, 0.017145
 0.000952, 0.030616, 0.051391, 0.212292, 0.478991, 0.003396, 0.003626, 0.010185, 0.024112, 0.001382, 0.000629, 0.102644, 0.001488, 0.062377, 0.000271, 0.015648
 0.000928, 0.034735, 0.059578, 0.205772, 0.453701, 0.004095, 0.004337, 0.011278, 0.026592, 0.001421, 0.000731, 0.110969, 0.001575, 0.066083, 0.000279, 0.017928
 0.000963, 0.032059, 0.053943, 0.215050, 0.466163, 0.003593, 0.003842, 0.010487, 0.024826, 0.001389, 0.000659, 0.103921, 0.001556, 0.064945, 0.000277, 0.016327
 0.000763, 0.015478, 0.025598, 0.163934, 0.653638, 0.001504, 0.001572, 0.006032, 0.014234, 0.001114, 0.000304, 0.070588, 0.000786, 0.036373, 0.000193, 0.007889
 0.000715, 0.014153, 0.023499, 0.151782, 0.679294, 0.001375, 0.001428, 0.005588, 0.013170, 0.001063, 0.000277, 0.066456, 0.000707, 0.033098, 0.000179, 0.007216
 0.000763, 0.015479, 0.025598, 0.163934, 0.653638, 0.001504, 0.001572, 0.006032, 0.014234, 0.001114, 0.000304, 0.070588, 0.000786, 0.036373, 0.000193, 0.007889
 0.000631, 0.012502, 0.020952, 0.131500, 0.716243, 0.001226, 0.001264, 0.005029, 0.011840, 0.000986, 0.000246, 0.061756, 0.000601, 0.028662, 0.000159, 0.006403
 0.001002, 0.027867, 0.046046, 0.225974, 0.487515, 0.002937, 0.003163, 0.009337, 0.022184, 0.001335, 0.000557, 0.094388, 0.001472, 0.061963, 0.000270, 0.013990
 0.000905, 0.019946, 0.032710, 0.200780, 0.576114, 0.001965, 0.002090, 0.007325, 0.017365, 0.001229, 0.000391, 0.080533, 0.001064, 0.047261, 0.000230, 0.010091
 0.000850, 0.017711, 0.029072, 0.186084, 0.610778, 0.001722, 0.001818, 0.006689, 0.015825, 0.001179, 0.000346, 0.075600, 0.000933, 0.042202, 0.000214, 0.008979
 0.001022, 0.029667, 0.049096, 0.231065, 0.469499, 0.003171, 0.003422, 0.009718, 0.023097, 0.001344, 0.000595, 0.096244, 0.001572, 0.065379, 0.000277, 0.014835
 0.000793, 0.007133, 0.010277, 0.224136, 0.673495, 0.000567, 0.000644, 0.003195, 0.007794, 0.000738, 0.000157, 0.044758, 0.000604, 0.022011, 0.000155, 0.003543
 0.000743, 0.015002, 0.024857, 0.158973, 0.663255, 0.001459, 0.001521, 0.005881, 0.013869, 0.001097, 0.000294, 0.069329, 0.000755, 0.035124, 0.000188, 0.007651
 0.000714, 0.014209, 0.023600, 0.151606, 0.678735, 0.001382, 0.001436, 0.005613, 0.013228, 0.001065, 0.000279, 0.066833, 0.000709, 0.033165, 0.000180, 0.007247
 0.000992, 0.024709, 0.040613, 0.224478, 0.513783, 0.002526, 0.002723, 0.008516, 0.020260, 0.001292, 0.000489, 0.088379, 0.001343, 0.057240, 0.000257, 0.012400
 0.000905, 0.019585, 0.032078, 0.200590, 0.579652, 0.001918, 0.002041, 0.007207, 0.017092, 0.001220, 0.000383, 0.079417, 0.001051, 0.046727, 0.000228, 0.009902
 0.001125, 0.007648, 0.010946, 0.328290, 0.561946, 0.000588, 0.000691, 0.003234, 0.007886, 0.000715, 0.000176, 0.043531, 0.000846, 0.028643, 0.000189, 0.003547
 0.000670, 0.013172, 0.021961, 0.140922, 0.700120, 0.001284, 0.001328, 0.005259, 0.012385, 0.001020, 0.000258, 0.063559, 0.000646, 0.030519, 0.000168, 0.006728
 0.000831, 0.016852, 0.027655, 0.180881, 0.624309, 0.001629, 0.001714, 0.006414, 0.015165, 0.001153, 0.000328, 0.073101, 0.000887, 0.040339, 0.000207, 0.008535
 0.000989, 0.028564, 0.047328, 0.221819, 0.486211, 0.003040, 0.003268, 0.009545, 0.022660, 0.001349, 0.000574, 0.096361, 0.001478, 0.062144, 0.000270, 0.014401
 0.000632, 0.012515, 0.020969, 0.131800, 0.715886, 0.001227, 0.001265, 0.005032, 0.011847, 0.000987, 0.000246, 0.061717, 0.000602, 0.028705, 0.000159, 0.006409
 0.000966, 0.022645, 0.037137, 0.217272, 0.537254, 0.002273, 0.002438, 0.008012, 0.019037, 0.001268, 0.000446, 0.085072, 0.001229, 0.053310, 0.000248, 0.011394
 0.000764, 0.015473, 0.025580, 0.164246, 0.653441, 0.001503, 0.001571, 0.006027, 0.014223, 0.001114, 0.000303, 0.070495, 0.000787, 0.036398, 0.000193, 0.007882
 0.000787, 0.016078, 0.026535, 0.170006, 0.641809, 0.001562, 0.001637, 0.006217, 0.014683, 0.001134, 0.000315, 0.072090, 0.000824, 0.037936, 0.000199, 0.008188
 0.001012, 0.025711, 0.042200, 0.229221, 0.501204, 0.002640, 0.002846, 0.008752, 0.020818, 0.001303, 0.000509, 0.089765, 0.001405, 0.059485, 0.000263, 0.012866
 0.000784, 0.015907, 0.026249, 0.169220, 0.644374, 0.001543, 0.001617, 0.006157, 0.014538, 0.001128, 0.000311, 0.071461, 0.000816, 0.037601, 0.000197, 0.008094
 0.000807, 0.016399, 0.026981, 0.174991, 0.634102, 0.001589, 0.001668, 0.006299, 0.014880, 0.001142, 0.000321, 0.072481, 0.000852, 0.038961, 0.000202, 0.008325
 0.000886, 0.036193, 0.063411, 0.195889, 0.449002, 0.004500, 0.004704, 0.011847, 0.027809, 0.001442, 0.000784, 0.117896, 0.001534, 0.064748, 0.000275, 0.019080
 0.001013, 0.025576, 0.041990, 0.229902, 0.501757, 0.002626, 0.002835, 0.008705, 0.020717, 0.001298, 0.000506, 0.089309, 0.001403, 0.059307, 0.000262, 0.012795
 0.000771, 0.012141, 0.019115, 0.180772, 0.666550, 0.001081, 0.001163, 0.004981, 0.011854, 0.001002, 0.000244, 0.061984, 0.000723, 0.031244, 0.000180, 0.006197
 0.000678, 0.013335, 0.022220, 0.142684, 0.696625, 0.001299, 0.001345, 0.005317, 0.012523, 0.001028, 0.000261, 0.064115, 0.000655, 0.030936, 0.000170, 0.006811
 0.001019, 0.025657, 0.042099, 0.231526, 0.499474, 0.002634, 0.002843, 0.008720, 0.020750, 0.001297, 0.000508, 0.089305, 0.001412, 0.059668, 0.000263, 0.012823
 0.000784, 0.015741, 0.025944, 0.168931, 0.646565, 0.001524, 0.001595, 0.006093, 0.014381, 0.001120, 0.000308, 0.070710, 0.000811, 0.037302, 0.000196, 0.007995
 0.000761, 0.015382, 0.025439, 0.163410, 0.655176, 0.001494, 0.001561, 0.005998, 0.014152, 0.001111, 0.000301, 0.070231, 0.000781, 0.036173, 0.000192, 0.007837
 0.000780, 0.015473, 0.025494, 0.167893, 0.650489, 0.001494, 0.001563, 0.005994, 0.014149, 0.001110, 0.000302, 0.069615, 0.000799, 0.036798, 0.000194, 0.007853
 0.000700, 0.013961, 0.023235, 0.148207, 0.684393, 0.001360, 0.001412, 0.005539, 0.013053, 0.001057, 0.000274, 0.066350, 0.000690, 0.032455, 0.000177, 0.007137
 0.000780, 0.015473, 0.025494, 0.167894, 0.650489, 0.001494, 0.001563, 0.005994, 0.014149, 0.001110, 0.000302, 0.069615, 0.000799, 0.036798, 0.000194, 0.007853
 0.000726, 0.014526, 0.024101, 0.154688, 0.672345, 0.001412, 0.001470, 0.005722, 0.013490, 0.001079, 0.000285, 0.067874, 0.000727, 0.033961, 0.000183, 0.007411
 0.000839, 0.017362, 0.028516, 0.183292, 0.616776, 0.001686, 0.001777, 0.006587, 0.015577, 0.001170, 0.000339, 0.074789, 0.000912, 0.041361, 0.000211, 0.008805
 0.000905, 0.019585, 0.032078, 0.200590, 0.579652, 0.001918, 0.002041, 0.007207, 0.017092, 0.001220, 0.000383, 0.079417, 0.001051, 0.046727, 0.000228, 0.009902
 0.000835, 0.017107, 0.028094, 0.182165, 0.620412, 0.001656, 0.001746, 0.006501, 0.015378, 0.001163, 0.000333, 0.073964, 0.000899, 0.040860, 0.000209, 0.008677
 0.000771, 0.012141, 0.019115, 0.180772, 0.666550, 0.001081, 0.001163, 0.004981, 0.011854, 0.001002, 0.000244, 0.061984, 0.000723, 0.031244, 0.000180, 0.006197
 0.001013, 0.025576, 0.041990, 0.229902, 0.501757, 0.002626, 0.002835, 0.008705, 0.020717, 0.001298, 0.000506, 0.089309, 0.001403, 0.059307, 0.000262, 0.012795
 0.000714, 0.014209, 0.023600, 0.151606, 0.678735, 0.001382, 0.001436, 0.005613, 0.013228, 0.001065, 0.000279, 0.066833, 0.000709, 0.033165, 0.000180, 0.007247
 0.000727, 0.014579, 0.024192, 0.154830, 0.671490, 0.001418, 0.001476, 0.005747, 0.013549, 0.001082, 0.000286, 0.068212, 0.000729, 0.034055, 0.000183, 0.007445
 0.000784, 0.015752, 0.025975, 0.169094, 0.646192, 0.001524, 0.001597, 0.006099, 0.014402, 0.001123, 0.000308, 0.070790, 0.000811, 0.037342, 0.000196, 0.008011
 0.000670, 0.013157, 0.021944, 0.140757, 0.700510, 0.001282, 0.001326, 0.005252, 0.012369, 0.001019, 0.000258, 0.063434, 0.000644, 0.030488, 0.000168, 0.006722
 0.000880, 0.035840, 0.062835, 0.194750, 0.451760, 0.004460, 0.004656, 0.011806, 0.027705, 0.001442, 0.000778, 0.118330, 0.001515, 0.064023, 0.000274, 0.018944
 0.000898, 0.019650, 0.032237, 0.198914, 0.580594, 0.001931, 0.002055, 0.007240, 0.017169, 0.001223, 0.000385, 0.079893, 0.001047, 0.046583, 0.000228, 0.009952
 0.000941, 0.034128, 0.058183, 0.209152, 0.455630, 0.003960, 0.004209, 0.011072, 0.026144, 0.001413, 0.000712, 0.108809, 0.001582, 0.066269, 0.000280, 0.017516
 0.000780, 0.012315, 0.019385, 0.183913, 0.661778, 0.001098, 0.001183, 0.005029, 0.011973, 0.001005, 0.000247, 0.062368, 0.000737, 0.031726, 0.000182, 0.006282
 0.001011, 0.025781, 0.042335, 0.228877, 0.501065, 0.002650, 0.002859, 0.008768, 0.020860, 0.001304, 0.000510, 0.089888, 0.001407, 0.059518, 0.000263, 0.012905
 0.000776, 0.015726, 0.025977, 0.167002, 0.648275, 0.001526, 0.001598, 0.006104, 0.014411, 0.001123, 0.000308, 0.071089, 0.000803, 0.037078, 0.000195, 0.008009
 0.000780, 0.015473, 0.025494, 0.167893, 0.650489, 0.001494, 0.001563, 0.005994, 0.014149, 0.001110, 0.000302, 0.069615, 0.000799, 0.036798, 0.000194, 0.007853
 0.000941, 0.034128, 0.058183, 0.209152, 0.455630, 0.003960, 0.004209, 0.011072, 0.026144, 0.001413, 0.000712, 0.108809, 0.001582, 0.066269, 0.000280, 0.017516
 0.000678, 0.013335, 0.022220, 0.142684, 0.696625, 0.001299, 0.001345, 0.005317, 0.012523, 0.001028, 0.000261, 0.064115, 0.000655, 0.030936, 0.000170, 0.006811
 0.000818, 0.016820, 0.027676, 0.177689, 0.627307, 0.001633, 0.001718, 0.006434, 0.015204, 0.001156, 0.000329, 0.073697, 0.000874, 0.039896, 0.000206, 0.008544
 0.001034, 0.026603, 0.043630, 0.235298, 0.488579, 0.002745, 0.002966, 0.008926, 0.021247, 0.001305, 0.000526, 0.090398, 0.001472, 0.061742, 0.000268, 0.013262
 0.000867, 0.018259, 0.029952, 0.190596, 0.601274, 0.001778, 0.001883, 0.006845, 0.016209, 0.001192, 0.000357, 0.076798, 0.000968, 0.043551, 0.000218, 0.009252
 0.000761, 0.015267, 0.025246, 0.163148, 0.656652, 0.001480, 0.001547, 0.005956, 0.014058, 0.001107, 0.000299, 0.069763, 0.000776, 0.035968, 0.000191, 0.007781
 0.000999, 0.025051, 0.041064, 0.225225, 0.510137, 0.002556, 0.002748, 0.008616, 0.020472, 0.001301, 0.000495, 0.089160, 0.001361, 0.057996, 0.000260, 0.012560
 0.001000, 0.028423, 0.047035, 0.225442, 0.483934, 0.003014, 0.003248, 0.009472, 0.022508, 0.001341, 0.000570, 0.095367, 0.001493, 0.062604, 0.000271, 0.014279
 0.000886, 0.036193, 0.063411, 0.195889, 0.449002, 0.004500, 0.004704, 0.011847, 0.027809, 0.001442, 0.000784, 0.117896, 0.001534, 0.064748, 0.000275, 0.019080
 0.000726, 0.014526, 0.024101, 0.154688, 0.672345, 0.001412, 0.001470, 0.005722, 0.013490, 0.001079, 0.000285, 0.067874, 0.000727, 0.033961, 0.000183, 0.007411
 0.000764, 0.015473, 0.025580, 0.164246, 0.653441, 0.001503, 0.001571, 0.006027, 0.014223, 0.001114, 0.000303, 0.070495, 0.000787, 0.036398, 0.000193, 0.007882
 0.000763, 0.011655, 0.018209, 0.178898, 0.672885, 0.001029, 0.001105, 0.004841, 0.011509, 0.000986, 0.000235, 0.060870, 0.000704, 0.030194, 0.000177, 0.005939
 0.000756, 0.011476, 0.018075, 0.180289, 0.673881, 0.001016, 0.001096, 0.004740, 0.011287, 0.000971, 0.000231, 0.059579, 0.000692, 0.029864, 0.000174, 0.005873
 0.000955, 0.030265, 0.050716, 0.213326, 0.480459, 0.003331, 0.003561, 0.010091, 0.023901, 0.001379, 0.000619, 0.101821, 0.001483, 0.062395, 0.000272, 0.015425
 0.000905, 0.019740, 0.032352, 0.200550, 0.578208, 0.001939, 0.002063, 0.007261, 0.017213, 0.001224, 0.000387, 0.079950, 0.001056, 0.046941, 0.000229, 0.009981
 0.001006, 0.025688, 0.042233, 0.228057, 0.502469, 0.002647, 0.002854, 0.008759, 0.020831, 0.001302, 0.000510, 0.089936, 0.001396, 0.059183, 0.000262, 0.012867
 0.000953, 0.031098, 0.052288, 0.212636, 0.474838, 0.003464, 0.003699, 0.010306, 0.024394, 0.001386, 0.000639, 0.103400, 0.001507, 0.063244, 0.000273, 0.015876
 0.000890, 0.035355, 0.061558, 0.197064, 0.454112, 0.004324, 0.004532, 0.011632, 0.027334, 0.001437, 0.000761, 0.116319, 0.001523, 0.064321, 0.000275, 0.018563
 0.001009, 0.025132, 0.041189, 0.228462, 0.506452, 0.002566, 0.002764, 0.008610, 0.020477, 0.001296, 0.000496, 0.088810, 0.001378, 0.058519, 0.000261, 0.012579
 0.000767, 0.012285, 0.019386, 0.178090, 0.667723, 0.001099, 0.001180, 0.005040, 0.011982, 0.001009, 0.000247, 0.062602, 0.000723, 0.031419, 0.000180, 0.006270
 0.000967, 0.023441, 0.038558, 0.217746, 0.530192, 0.002381, 0.002555, 0.008235, 0.019560, 0.001279, 0.000464, 0.086831, 0.001259, 0.054482, 0.000251, 0.011799
 0.000941, 0.034128, 0.058183, 0.209152, 0.455630, 0.003960, 0.004209, 0.011072, 0.026144, 0.001413, 0.000712, 0.108809, 0.001582, 0.066269, 0.000280, 0.017516
 0.000899, 0.019180, 0.031374, 0.198783, 0.585135, 0.001871, 0.001987, 0.007089, 0.016798, 0.001211, 0.000374, 0.078426, 0.001031, 0.045930, 0.000226, 0.009688
 0.000978, 0.024201, 0.039855, 0.220820, 0.521205, 0.002476, 0.002663, 0.008415, 0.020000, 0.001286, 0.000481, 0.087926, 0.001302, 0.055970, 0.000255, 0.012168
 0.000811, 0.016681, 0.027479, 0.176030, 0.630167, 0.001619, 0.001703, 0.006396, 0.015118, 0.001153, 0.000326, 0.073456, 0.000863, 0.039504, 0.000205, 0.008488
 0.000780, 0.012315, 0.019385, 0.183913, 0.661778, 0.001098, 0.001183, 0.005029, 0.011973, 0.001005, 0.000247, 0.062368, 0.000737, 0.031726, 0.000182, 0.006282
 0.000726, 0.014526, 0.024101, 0.154688, 0.672345, 0.001412, 0.001470, 0.005722, 0.013490, 0.001079, 0.000285, 0.067874, 0.000727, 0.033961, 0.000183, 0.007411
 0.001015, 0.026368, 0.043332, 0.230012, 0.495329, 0.002726, 0.002940, 0.008916, 0.021206, 0.001310, 0.000523, 0.090887, 0.001435, 0.060544, 0.000266, 0.013191
 0.000959, 0.030999, 0.052027, 0.214182, 0.474553, 0.003438, 0.003677, 0.010248, 0.024273, 0.001383, 0.000635, 0.102638, 0.001514, 0.063400, 0.000274, 0.015798
 0.000901, 0.019885, 0.032625, 0.199669, 0.577693, 0.001960, 0.002084, 0.007315, 0.017335, 0.001228, 0.000390, 0.080539, 0.001057, 0.047026, 0.000230, 0.010064
 0.001011, 0.025781, 0.042335, 0.228877, 0.501065, 0.002650, 0.002859, 0.008768, 0.020860, 0.001304, 0.000510, 0.089888, 0.001407, 0.059518, 0.000263, 0.012905
 0.000715, 0.014153, 0.023499, 0.151782, 0.679294, 0.001375, 0.001428, 0.005588, 0.013170, 0.001063, 0.000277, 0.066456, 0.000707, 0.033098, 0.000179, 0.007216
 0.000978, 0.024201, 0.039855, 0.220820, 0.521205, 0.002476, 0.002663, 0.008415, 0.020000, 0.001286, 0.000481, 0.087926, 0.001302, 0.055970, 0.000255, 0.012168
 0.000645, 0.012769, 0.021373, 0.134774, 0.710246, 0.001250, 0.001291, 0.005123, 0.012063, 0.001000, 0.000251, 0.062541, 0.000617, 0.029359, 0.000163, 0.006536
 0.000644, 0.012740, 0.021320, 0.134650, 0.710740, 0.001247, 0.001287, 0.005112, 0.012035, 0.000998, 0.000250, 0.062377, 0.000616, 0.029302, 0.000162, 0.006520
 0.000948, 0.022521, 0.037055, 0.212625, 0.542770, 0.002272, 0.002436, 0.008003, 0.019012, 0.001268, 0.000446, 0.085366, 0.001205, 0.052463, 0.000245, 0.011365
 0.000983, 0.023911, 0.039293, 0.222095, 0.522256, 0.002432, 0.002614, 0.008332, 0.019802, 0.001282, 0.000473, 0.087204, 0.001296, 0.055764, 0.000254, 0.012009
 0.000716, 0.014211, 0.023605, 0.151916, 0.678411, 0.001381, 0.001436, 0.005613, 0.013231, 0.001066, 0.000278, 0.066790, 0.000709, 0.033206, 0.000180, 0.007252
 0.000935, 0.031879, 0.054011, 0.207894, 0.472771, 0.003620, 0.003850, 0.010571, 0.024984, 0.001401, 0.000662, 0.106254, 0.001498, 0.062997, 0.000273, 0.016401
 0.001125, 0.007648, 0.010946, 0.328290, 0.561946, 0.000588, 0.000691, 0.003234, 0.007886, 0.000715, 0.000176, 0.043531, 0.000846, 0.028643, 0.000189, 0.003547
 0.000822, 0.016752, 0.027520, 0.178739, 0.627310, 0.001623, 0.001706, 0.006393, 0.015102, 0.001150, 0.000327, 0.073052, 0.000877, 0.039937, 0.000206, 0.008485
 0.000944, 0.031279, 0.052721, 0.210602, 0.475090, 0.003509, 0.003741, 0.010385, 0.024566, 0.001390, 0.000646, 0.104459, 0.001498, 0.062873, 0.000273, 0.016024
 0.000641, 0.012688, 0.021244, 0.133886, 0.712005, 0.001243, 0.001282, 0.005094, 0.011993, 0.000996, 0.000249, 0.062256, 0.000613, 0.029153, 0.000162, 0.006495
 0.000728, 0.014531, 0.024110, 0.154927, 0.672107, 0.001412, 0.001470, 0.005722, 0.013490, 0.001079, 0.000285, 0.067820, 0.000728, 0.033995, 0.000183, 0.007413
 0.000671, 0.013204, 0.022021, 0.140966, 0.699692, 0.001287, 0.001332, 0.005272, 0.012415, 0.001021, 0.000259, 0.063717, 0.000647, 0.030579, 0.000168, 0.006747
 0.000895, 0.035360, 0.061504, 0.198073, 0.453700, 0.004312, 0.004526, 0.011604, 0.027278, 0.001436, 0.000759, 0.115685, 0.001529, 0.064521, 0.000275, 0.018542
 0.000993, 0.024766, 0.040681, 0.224290, 0.513296, 0.002531, 0.002724, 0.008546, 0.020318, 0.001295, 0.000490, 0.088722, 0.001342, 0.057316, 0.000258, 0.012429
 0.001009, 0.026038, 0.042802, 0.228365, 0.499488, 0.002687, 0.002898, 0.008843, 0.021032, 0.001308, 0.000516, 0.090511, 0.001414, 0.059787, 0.000264, 0.013040
 0.000896, 0.019161, 0.031376, 0.198049, 0.585915, 0.001871, 0.001988, 0.007090, 0.016804, 0.001212, 0.000374, 0.078529, 0.001027, 0.045793, 0.000226, 0.009689
 0.000719, 0.014360, 0.023843, 0.152916, 0.675756, 0.001397, 0.001452, 0.005669, 0.013361, 0.001072, 0.000282, 0.067416, 0.000717, 0.033530, 0.000181, 0.007328
 0.000796, 0.016208, 0.026707, 0.172340, 0.638346, 0.001571, 0.001649, 0.006251, 0.014768, 0.001138, 0.000317, 0.072257, 0.000836, 0.038367, 0.000200, 0.008247
 0.000919, 0.020355, 0.033354, 0.204398, 0.569078, 0.002008, 0.002140, 0.007427, 0.017615, 0.001235, 0.000399, 0.081149, 0.001093, 0.048316, 0.000234, 0.010283
 0.000771, 0.012141, 0.019115, 0.180772, 0.666550, 0.001081, 0.001163, 0.004981, 0.011854, 0.001002, 0.000244, 0.061984, 0.000723, 0.031244, 0.000180, 0.006197
 0.000892, 0.019403, 0.031818, 0.197290, 0.584326, 0.001905, 0.002022, 0.007177, 0.017003, 0.001218, 0.000380, 0.079453, 0.001032, 0.046034, 0.000227, 0.009820
 0.000727, 0.014579, 0.024192, 0.154830, 0.671490, 0.001418, 0.001476, 0.005747, 0.013549, 0.001082, 0.000286, 0.068212, 0.000729, 0.034055, 0.000183, 0.007445
 0.000673, 0.013228, 0.022049, 0.141538, 0.698833, 0.001289, 0.001334, 0.005281, 0.012438, 0.001023, 0.000259, 0.063814, 0.000649, 0.030665, 0.000169, 0.006758
 0.000785, 0.015852, 0.026134, 0.169426, 0.644823, 0.001536, 0.001609, 0.006135, 0.014484, 0.001125, 0.000310, 0.071191, 0.000816, 0.037518, 0.000197, 0.008059
 0.001027, 0.029600, 0.048934, 0.232440, 0.468770, 0.003157, 0.003409, 0.009685, 0.023025, 0.001341, 0.000592, 0.095836, 0.001578, 0.065546, 0.000277, 0.014785
 0.000717, 0.014292, 0.023738, 0.152357, 0.677025, 0.001390, 0.001445, 0.005645, 0.013306, 0.001070, 0.000280, 0.067175, 0.000713, 0.033371, 0.000181, 0.007296
 0.000835, 0.017237, 0.028319, 0.182206, 0.619032, 0.001673, 0.001763, 0.006549, 0.015487, 0.001166, 0.000337, 0.074488, 0.000904, 0.041051, 0.000210, 0.008744
 0.000671, 0.013204, 0.022021, 0.140966, 0.699692, 0.001287, 0.001332, 0.005272, 0.012415, 0.001021, 0.000259, 0.063717, 0.000647, 0.030579, 0.000168, 0.006747
 0.000959, 0.030680, 0.051422, 0.214317, 0.476662, 0.003390, 0.003625, 0.010178, 0.024104, 0.001380, 0.000628, 0.102206, 0.001504, 0.063044, 0.000273, 0.015628
 0.000862, 0.018137, 0.029751, 0.189303, 0.603668, 0.001767, 0.001868, 0.006813, 0.016123, 0.001189, 0.000355, 0.076588, 0.000959, 0.043211, 0.000217, 0.009187
 0.000996, 0.025363, 0.041614, 0.224305, 0.508691, 0.002596, 0.002794, 0.008696, 0.020670, 0.001306, 0.000501, 0.089819, 0.001371, 0.058286, 0.000260, 0.012730
 0.000928, 0.034735, 0.059578, 0.205772, 0.453701, 0.004095, 0.004337, 0.011278, 0.026592, 0.001421, 0.000731, 0.110969, 0.001575, 0.066083, 0.000279, 0.017928
 0.000874, 0.036213, 0.063776, 0.193262, 0.449708, 0.004561, 0.004748, 0.011934, 0.027978, 0.001445, 0.000791, 0.119761, 0.001512, 0.063947, 0.000273, 0.019217
 0.000715, 0.014153, 0.023499, 0.151782, 0.679294, 0.001375, 0.001428, 0.005588, 0.013170, 0.001063, 0.000277, 0.066456, 0.000707, 0.033098, 0.000179, 0.007216
 0.001019, 0.026143, 0.042944, 0.231401, 0.495809, 0.002698, 0.002912, 0.008846, 0.021048, 0.001304, 0.000518, 0.090234, 0.001432, 0.060360, 0.000265, 0.013068
 0.001270, 0.007357, 0.010439, 0.384845, 0.507996, 0.000553, 0.000666, 0.003039, 0.007448, 0.000667, 0.000175, 0.040603, 0.000946, 0.030503, 0.000197, 0.003295
 0.001128, 0.007490, 0.010768, 0.321161, 0.572791, 0.000571, 0.000670, 0.003141, 0.007605, 0.000710, 0.000170, 0.040825, 0.000827, 0.028504, 0.000186, 0.003454
 0.000748, 0.015094, 0.024995, 0.160071, 0.661236, 0.001467, 0.001531, 0.005911, 0.013941, 0.001101, 0.000296, 0.069584, 0.000762, 0.035377, 0.000189, 0.007697
 0.000771, 0.012141, 0.019115, 0.180772, 0.666550, 0.001081, 0.001163, 0.004981, 0.011854, 0.001002, 0.000244, 0.061984, 0.000723, 0.031244, 0.000180, 0.006197
 0.000726, 0.014526, 0.024101, 0.154688, 0.672345, 0.001412, 0.001470, 0.005722, 0.013490, 0.001079, 0.000285, 0.067874, 0.000727, 0.033961, 0.000183, 0.007411
 0.000966, 0.029845, 0.049841, 0.216362, 0.481261, 0.003253, 0.003489, 0.009933, 0.023553, 0.001369, 0.000607, 0.100062, 0.001490, 0.062546, 0.000271, 0.015151
 0.000796, 0.016072, 0.026474, 0.172031, 0.640192, 0.001556, 0.001632, 0.006198, 0.014638, 0.001132, 0.000314, 0.071624, 0.000831, 0.038145, 0.000199, 0.008166
 0.000949, 0.031695, 0.053444, 0.211600, 0.471386, 0.003563, 0.003800, 0.010463, 0.024753, 0.001393, 0.000654, 0.104648, 0.001519, 0.063645, 0.000274, 0.016216
 0.000909, 0.020101, 0.032966, 0.201937, 0.573656, 0.001981, 0.002111, 0.007364, 0.017465, 0.001231, 0.000394, 0.080788, 0.001074, 0.047621, 0.000232, 0.010169
 0.000835, 0.017237, 0.028319, 0.182206, 0.619032, 0.001673, 0.001763, 0.006549, 0.015487, 0.001166, 0.000337, 0.074488, 0.000904, 0.041051, 0.000210, 0.008744
 0.000741, 0.014952, 0.024785, 0.158514, 0.664112, 0.001453, 0.001516, 0.005867, 0.013841, 0.001097, 0.000293, 0.069248, 0.000752, 0.035007, 0.000187, 0.007635
 0.000996, 0.025363, 0.041614, 0.224305, 0.508691, 0.002596, 0.002794, 0.008696, 0.020670, 0.001306, 0.000501, 0.089819, 0.001371, 0.058286, 0.000260, 0.012730
 0.000943, 0.033885, 0.057677, 0.209683, 0.456883, 0.003915, 0.004164, 0.011011, 0.026003, 0.001410, 0.000706, 0.108327, 0.001579, 0.066167, 0.000280, 0.017367
 0.000763, 0.015403, 0.025472, 0.163797, 0.654564, 0.001495, 0.001563, 0.006004, 0.014172, 0.001112, 0.000302, 0.070281, 0.000782, 0.036245, 0.000192, 0.007851
 0.000999, 0.024965, 0.040996, 0.226124, 0.510031, 0.002554, 0.002752, 0.008583, 0.020412, 0.001295, 0.000494, 0.088810, 0.001359, 0.057850, 0.000259, 0.012516
 0.000906, 0.006376, 0.008913, 0.261086, 0.645698, 0.000476, 0.000555, 0.002859, 0.006943, 0.000689, 0.000142, 0.039055, 0.000646, 0.022423, 0.000159, 0.003072
 0.000662, 0.013052, 0.021786, 0.138936, 0.703083, 0.001274, 0.001317, 0.005225, 0.012305, 0.001015, 0.000256, 0.063464, 0.000637, 0.030147, 0.000166, 0.006674
 0.000684, 0.013453, 0.022386, 0.144407, 0.693622, 0.001309, 0.001356, 0.005359, 0.012624, 0.001033, 0.000264, 0.064520, 0.000664, 0.031277, 0.000172, 0.006868
 0.000776, 0.015726, 0.025977, 0.167002, 0.648275, 0.001526, 0.001598, 0.006104, 0.014411, 0.001123, 0.000308, 0.071089, 0.000803, 0.037078, 0.000195, 0.008009
 0.000910, 0.035513, 0.061454, 0.201525, 0.450960, 0.004282, 0.004512, 0.011546, 0.027173, 0.001431, 0.000756, 0.113867, 0.001563, 0.065749, 0.000278, 0.018481
 0.000832, 0.006028, 0.008651, 0.225553, 0.688572, 0.000447, 0.000508, 0.002678, 0.006416, 0.000680, 0.000128, 0.034957, 0.000562, 0.020935, 0.000145, 0.002908
 0.000761, 0.015271, 0.025252, 0.163186, 0.656612, 0.001481, 0.001547, 0.005956, 0.014056, 0.001107, 0.000299, 0.069741, 0.000776, 0.035985, 0.000191, 0.007780
 0.000703, 0.014036, 0.023350, 0.148965, 0.682920, 0.001368, 0.001420, 0.005563, 0.013108, 0.001059, 0.000276, 0.066554, 0.000695, 0.032637, 0.000177, 0.007169
 0.001004, 0.025158, 0.041243, 0.226786, 0.507977, 0.002568, 0.002767, 0.008620, 0.020503, 0.001299, 0.000497, 0.088992, 0.001374, 0.058348, 0.000260, 0.012605
 0.000646, 0.012768, 0.021359, 0.135054, 0.709935, 0.001249, 0.001290, 0.005125, 0.012065, 0.001000, 0.000251, 0.062563, 0.000618, 0.029378, 0.000163, 0.006535
 0.000967, 0.023441, 0.038558, 0.217746, 0.530192, 0.002381, 0.002555, 0.008235, 0.019560, 0.001279, 0.000464, 0.086831, 0.001259, 0.054482, 0.000251, 0.011799
 0.000641, 0.012688, 0.021244, 0.133886, 0.712005, 0.001243, 0.001282, 0.005094, 0.011993, 0.000996, 0.000249, 0.062256, 0.000613, 0.029153, 0.000162, 0.006495
 0.001002, 0.029337, 0.048659, 0.226049, 0.476430, 0.003143, 0.003386, 0.009697, 0.023032, 0.001349, 0.000590, 0.096837, 0.001529, 0.063953, 0.000274, 0.014733
 0.000964, 0.007027, 0.010094, 0.270679, 0.628707, 0.000539, 0.000628, 0.003051, 0.007407, 0.000710, 0.000157, 0.040855, 0.000701, 0.024959, 0.000169, 0.003354
 0.001362, 0.007354, 0.010382, 0.430331, 0.462217, 0.000553, 0.000673, 0.002971, 0.007335, 0.000631, 0.000178, 0.039774, 0.001034, 0.031787, 0.000203, 0.003215
 0.000971, 0.023553, 0.038726, 0.218820, 0.528250, 0.002392, 0.002568, 0.008259, 0.019619, 0.001280, 0.000466, 0.086932, 0.001268, 0.054795, 0.000252, 0.011849
 0.000943, 0.033885, 0.057677, 0.209683, 0.456883, 0.003915, 0.004164, 0.011011, 0.026003, 0.001410, 0.000706, 0.108327, 0.001579, 0.066167, 0.000280, 0.017367
 0.000835, 0.017224, 0.028286, 0.182105, 0.619334, 0.001672, 0.001761, 0.006543, 0.015468, 0.001165, 0.000337, 0.074412, 0.000903, 0.041016, 0.000210, 0.008730
 0.000762, 0.015404, 0.025465, 0.163711, 0.654738, 0.001496, 0.001563, 0.006003, 0.014161, 0.001110, 0.000302, 0.070234, 0.000783, 0.036233, 0.000192, 0.007843
 0.001011, 0.025822, 0.042432, 0.229554, 0.500109, 0.002660, 0.002872, 0.008775, 0.020880, 0.001302, 0.000512, 0.089885, 0.001410, 0.059589, 0.000263, 0.012922
 0.000636, 0.012576, 0.021065, 0.132625, 0.714502, 0.001232, 0.001271, 0.005052, 0.011895, 0.000990, 0.000247, 0.061840, 0.000606, 0.028866, 0.000160, 0.006438
 0.000963, 0.030333, 0.050731, 0.215560, 0.478214, 0.003331, 0.003566, 0.010075, 0.023873, 0.001375, 0.000619, 0.101283, 0.001500, 0.062882, 0.000273, 0.015423
 0.000879, 0.035280, 0.061734, 0.194549, 0.455728, 0.004365, 0.004557, 0.011686, 0.027430, 0.001441, 0.000765, 0.117799, 0.001497, 0.063364, 0.000272, 0.018653
 0.000959, 0.030999, 0.052027, 0.214182, 0.474553, 0.003438, 0.003677, 0.010248, 0.024273, 0.001383, 0.000635, 0.102638, 0.001514, 0.063400, 0.000274, 0.015798
 0.000897, 0.019244, 0.031507, 0.198189, 0.585038, 0.001883, 0.001997, 0.007117, 0.016857, 0.001212, 0.000376, 0.078759, 0.001030, 0.045945, 0.000226, 0.009722
 0.000903, 0.019684, 0.032246, 0.200008, 0.579251, 0.001933, 0.002054, 0.007248, 0.017172, 0.001223, 0.000386, 0.079867, 0.001052, 0.046796, 0.000229, 0.009949
 0.001211, 0.006603, 0.009333, 0.371404, 0.530562, 0.000490, 0.000596, 0.002781, 0.006815, 0.000635, 0.000158, 0.037392, 0.000866, 0.027986, 0.000185, 0.002982
 0.000949, 0.031695, 0.053444, 0.211600, 0.471386, 0.003563, 0.003800, 0.010463, 0.024753, 0.001393, 0.000654, 0.104648, 0.001519, 0.063645, 0.000274, 0.016216
 0.000963, 0.032059, 0.053943, 0.215050, 0.466163, 0.003593, 0.003842, 0.010487, 0.024826, 0.001389, 0.000659, 0.103921, 0.001556, 0.064945, 0.000277, 0.016327
 0.001019, 0.025519, 0.041857, 0.231515, 0.500676, 0.002615, 0.002824, 0.008677, 0.020655, 0.001295, 0.000505, 0.088946, 0.001408, 0.059473, 0.000262, 0.012753
 0.001013, 0.029236, 0.048383, 0.228634, 0.474896, 0.003117, 0.003360, 0.009641, 0.022909, 0.001344, 0.000586, 0.096085, 0.001541, 0.064331, 0.000275, 0.014649
 0.000641, 0.012688, 0.021244, 0.133886, 0.712005, 0.001243, 0.001282, 0.005094, 0.011993, 0.000996, 0.000249, 0.062256, 0.000613, 0.029153, 0.000162, 0.006495
 0.000769, 0.011839, 0.018572, 0.181230, 0.669009, 0.001047, 0.001128, 0.004881, 0.011622, 0.000990, 0.000238, 0.061107, 0.000713, 0.030633, 0.000178, 0.006043
 0.000933, 0.034212, 0.058475, 0.207166, 0.456450, 0.003994, 0.004237, 0.011131, 0.026263, 0.001416, 0.000716, 0.109698, 0.001569, 0.065845, 0.000279, 0.017615
 0.001024, 0.028671, 0.047307, 0.231966, 0.476045, 0.003030, 0.003271, 0.009470, 0.022517, 0.001333, 0.000572, 0.094511, 0.001538, 0.064144, 0.000274, 0.014327
 0.000638, 0.012625, 0.021139, 0.133230, 0.713275, 0.001237, 0.001276, 0.005073, 0.011943, 0.000993, 0.000248, 0.062094, 0.000609, 0.028998, 0.000161, 0.006464
 0.000673, 0.013230, 0.022052, 0.141542, 0.698809, 0.001289, 0.001334, 0.005282, 0.012440, 0.001023, 0.000259, 0.063823, 0.000649, 0.030665, 0.000169, 0.006760
 0.001008, 0.028733, 0.047546, 0.227480, 0.479615, 0.003054, 0.003290, 0.009536, 0.022656, 0.001341, 0.000576, 0.095552, 0.001513, 0.063417, 0.000273, 0.014410
 0.000784, 0.015752, 0.025975, 0.169094, 0.646192, 0.001524, 0.001597, 0.006099, 0.014402, 0.001123, 0.000308, 0.070790, 0.000811, 0.037342, 0.000196, 0.008011
 0.000671, 0.013191, 0.021999, 0.140979, 0.699843, 0.001286, 0.001330, 0.005266, 0.012403, 0.001021, 0.000259, 0.063639, 0.000646, 0.030558, 0.000168, 0.006741
 0.000637, 0.012591, 0.021089, 0.132790, 0.714166, 0.001234, 0.001273, 0.005058, 0.011908, 0.000991, 0.000247, 0.061898, 0.000607, 0.028906, 0.000160, 0.006446
 0.001072, 0.007131, 0.009973, 0.313489, 0.585869, 0.000532, 0.000624, 0.003040, 0.007401, 0.000701, 0.000159, 0.039809, 0.000781, 0.025915, 0.000179, 0.003323
 0.001072, 0.007131, 0.009973, 0.313489, 0.585869, 0.000532, 0.000624, 0.003040, 0.007401, 0.000701, 0.000159, 0.039809, 0.000781, 0.025915, 0.000179, 0.003323
 0.000883, 0.035454, 0.061942, 0.195552, 0.454059, 0.004372, 0.004572, 0.011697, 0.027468, 0.001440, 0.000767, 0.117398, 0.001512, 0.063919, 0.000274, 0.018691
 0.001055, 0.007840, 0.011155, 0.305214, 0.585355, 0.000605, 0.000704, 0.003318, 0.008086, 0.000735, 0.000177, 0.043644, 0.000806, 0.027445, 0.000185, 0.003676
 0.000712, 0.014185, 0.023573, 0.151140, 0.679294, 0.001380, 0.001434, 0.005610, 0.013224, 0.001066, 0.000278, 0.066892, 0.000706, 0.033083, 0.000179, 0.007245
 0.000706, 0.014090, 0.023427, 0.149734, 0.681597, 0.001372, 0.001425, 0.005581, 0.013152, 0.001061, 0.000277, 0.066711, 0.000699, 0.032794, 0.000178, 0.007196
 0.000809, 0.016480, 0.027125, 0.175563, 0.632706, 0.001597, 0.001678, 0.006325, 0.014947, 0.001145, 0.000322, 0.072717, 0.000856, 0.039154, 0.000203, 0.008373
 0.000712, 0.014185, 0.023573, 0.151140, 0.679294, 0.001380, 0.001434, 0.005610, 0.013224, 0.001066, 0.000278, 0.066892, 0.000706, 0.033083, 0.000179, 0.007245
 0.000907, 0.019866, 0.032568, 0.201277, 0.576417, 0.001953, 0.002080, 0.007293, 0.017297, 0.001226, 0.000389, 0.080177, 0.001063, 0.047206, 0.000230, 0.010049
 0.000638, 0.012616, 0.021127, 0.133085, 0.713556, 0.001236, 0.001275, 0.005068, 0.011933, 0.000992, 0.000248, 0.062026, 0.000608, 0.028972, 0.000161, 0.006459
 0.000949, 0.031695, 0.053444, 0.211600, 0.471386, 0.003563, 0.003800, 0.010463, 0.024753, 0.001393, 0.000654, 0.104648, 0.001519, 0.063645, 0.000274, 0.016216
 0.001019, 0.026143, 0.042944, 0.231401, 0.495809, 0.002698, 0.002912, 0.008846, 0.021048, 0.001304, 0.000518, 0.090234, 0.001432, 0.060360, 0.000265, 0.013068
 0.000757, 0.015263, 0.025257, 0.162274, 0.657408, 0.001482, 0.001548, 0.005962, 0.014070, 0.001108, 0.000299, 0.069955, 0.000773, 0.035868, 0.000191, 0.007785
 0.000711, 0.014191, 0.023583, 0.150882, 0.679457, 0.001382, 0.001435, 0.005614, 0.013230, 0.001065, 0.000279, 0.066978, 0.000706, 0.033064, 0.000179, 0.007245
 0.000635, 0.012560, 0.021039, 0.132348, 0.714864, 0.001231, 0.001270, 0.005049, 0.011886, 0.000989, 0.000247, 0.061867, 0.000605, 0.028821, 0.000160, 0.006431
 0.000784, 0.016026, 0.026450, 0.169286, 0.643055, 0.001558, 0.001632, 0.006202, 0.014640, 0.001132, 0.000314, 0.071974, 0.000821, 0.037773, 0.000198, 0.008157
 0.000919, 0.020355, 0.033354, 0.204398, 0.569078, 0.002008, 0.002140, 0.007427, 0.017615, 0.001235, 0.000399, 0.081149, 0.001093, 0.048316, 0.000234, 0.010283
 0.000711, 0.014147, 0.023503, 0.150952, 0.680039, 0.001376, 0.001429, 0.005592, 0.013177, 0.001062, 0.000278, 0.066632, 0.000705, 0.033002, 0.000179, 0.007215
 0.000917, 0.031084, 0.052786, 0.203660, 0.481737, 0.003546, 0.003756, 0.010456, 0.024688, 0.001400, 0.000649, 0.106716, 0.001439, 0.060781, 0.000268, 0.016117
 0.001009, 0.028497, 0.047083, 0.227543, 0.481556, 0.003014, 0.003251, 0.009463, 0.022493, 0.001339, 0.000570, 0.094984, 0.001509, 0.063127, 0.000272, 0.014290
 0.000711, 0.014147, 0.023503, 0.150952, 0.680039, 0.001376, 0.001429, 0.005592, 0.013177, 0.001062, 0.000278, 0.066632, 0.000705, 0.033002, 0.000179, 0.007215
 0.000995, 0.024554, 0.040383, 0.225359, 0.514035, 0.002512, 0.002705, 0.008479, 0.020161, 0.001287, 0.000487, 0.088015, 0.001335, 0.057123, 0.000257, 0.012314
 0.000837, 0.017385, 0.028570, 0.182665, 0.617109, 0.001690, 0.001781, 0.006599, 0.015606, 0.001171, 0.000340, 0.074985, 0.000910, 0.041318, 0.000211, 0.008823
 0.000759, 0.015139, 0.025024, 0.162583, 0.658714, 0.001467, 0.001531, 0.005906, 0.013933, 0.001100, 0.000296, 0.069164, 0.000771, 0.035720, 0.000190, 0.007703
 0.000636, 0.012591, 0.021093, 0.132695, 0.714264, 0.001234, 0.001273, 0.005058, 0.011908, 0.000991, 0.000247, 0.061897, 0.000606, 0.028900, 0.000160, 0.006447
 0.000922, 0.035186, 0.060562, 0.204296, 0.451543, 0.004187, 0.004427, 0.011410, 0.026883, 0.001425, 0.000743, 0.112155, 0.001577, 0.066197, 0.000279, 0.018208
 0.001026, 0.026920, 0.044260, 0.232946, 0.488333, 0.002795, 0.003019, 0.009030, 0.021484, 0.001312, 0.000534, 0.091378, 0.001471, 0.061781, 0.000268, 0.013443
 0.000711, 0.014090, 0.023409, 0.150749, 0.680829, 0.001370, 0.001423, 0.005572, 0.013132, 0.001061, 0.000276, 0.066411, 0.000702, 0.032898, 0.000178, 0.007190
 0.001011, 0.025781, 0.042335, 0.228877, 0.501065, 0.002650, 0.002859, 0.008768, 0.020860, 0.001304, 0.000510, 0.089888, 0.001407, 0.059518, 0.000263, 0.012905
 0.000995, 0.024554, 0.040383, 0.225359, 0.514035, 0.002512, 0.002705, 0.008479, 0.020161, 0.001287, 0.000487, 0.088015, 0.001335, 0.057123, 0.000257, 0.012314
 0.000939, 0.031648, 0.053480, 0.209345, 0.473235, 0.003578, 0.003810, 0.010499, 0.024824, 0.001395, 0.000656, 0.105564, 0.001502, 0.063006, 0.000273, 0.016247
 0.001376, 0.006601, 0.009402, 0.433011, 0.468101, 0.000488, 0.000607, 0.002670, 0.006598, 0.000594, 0.000163, 0.035384, 0.000989, 0.030947, 0.000195, 0.002872
 0.000712, 0.014185, 0.023573, 0.151140, 0.679294, 0.001380, 0.001434, 0.005610, 0.013224, 0.001066, 0.000278, 0.066892, 0.000706, 0.033083, 0.000179, 0.007245
 0.000716, 0.014211, 0.023605, 0.151916, 0.678411, 0.001381, 0.001436, 0.005613, 0.013231, 0.001066, 0.000278, 0.066790, 0.000709, 0.033206, 0.000180, 0.007252
 0.001008, 0.025749, 0.042317, 0.228620, 0.501498, 0.002652, 0.002860, 0.008767, 0.020854, 0.001303, 0.000511, 0.089929, 0.001402, 0.059374, 0.000263, 0.012892
 0.001211, 0.006603, 0.009333, 0.371404, 0.530562, 0.000490, 0.000596, 0.002781, 0.006815, 0.000635, 0.000158, 0.037392, 0.000866, 0.027986, 0.000185, 0.002982
 0.000971, 0.023250, 0.038176, 0.218461, 0.531022, 0.002351, 0.002521, 0.008181, 0.019428, 0.001277, 0.000459, 0.086363, 0.001255, 0.054340, 0.000251, 0.011694
 0.000973, 0.023375, 0.038408, 0.219510, 0.529148, 0.002367, 0.002543, 0.008198, 0.019485, 0.001276, 0.000462, 0.086351, 0.001265, 0.054632, 0.000251, 0.011755
 0.000807, 0.016399, 0.026981, 0.174991, 0.634102, 0.001589, 0.001668, 0.006299, 0.014880, 0.001142, 0.000321, 0.072481, 0.000852, 0.038961, 0.000202, 0.008325
 0.000895, 0.034350, 0.059530, 0.198107, 0.460778, 0.004142, 0.004349, 0.011373, 0.026753, 0.001432, 0.000735, 0.114422, 0.001499, 0.063350, 0.000273, 0.018013
 0.000726, 0.014526, 0.024101, 0.154688, 0.672345, 0.001412, 0.001470, 0.005722, 0.013490, 0.001079, 0.000285, 0.067874, 0.000727, 0.033961, 0.000183, 0.007411
 0.000711, 0.014090, 0.023409, 0.150749, 0.680829, 0.001370, 0.001423, 0.005572, 0.013132, 0.001061, 0.000276, 0.066411, 0.000702, 0.032898, 0.000178, 0.007190
 0.001011, 0.026334, 0.043345, 0.229390, 0.496273, 0.002731, 0.002949, 0.008909, 0.021196, 0.001308, 0.000524, 0.090882, 0.001429, 0.060273, 0.000265, 0.013182
 0.001013, 0.029236, 0.048383, 0.228634, 0.474896, 0.003117, 0.003360, 0.009641, 0.022909, 0.001344, 0.000586, 0.096085, 0.001541, 0.064331, 0.000275, 0.014649
 0.000761, 0.015267, 0.025246, 0.163148, 0.656652, 0.001480, 0.001547, 0.005956, 0.014058, 0.001107, 0.000299, 0.069763, 0.000776, 0.035968, 0.000191, 0.007781
 0.000798, 0.016103, 0.026524, 0.172513, 0.639466, 0.001559, 0.001635, 0.006204, 0.014656, 0.001133, 0.000314, 0.071630, 0.000833, 0.038250, 0.000200, 0.008182
 0.001009, 0.026038, 0.042802, 0.228365, 0.499488, 0.002687, 0.002898, 0.008843, 0.021032, 0.001308, 0.000516, 0.090511, 0.001414, 0.059787, 0.000264, 0.013040
 0.000712, 0.014185, 0.023573, 0.151140, 0.679294, 0.001380, 0.001434, 0.005610, 0.013224, 0.001066, 0.000278, 0.066892, 0.000706, 0.033083, 0.000179, 0.007245
 0.000955, 0.022699, 0.037312, 0.214334, 0.539549, 0.002290, 0.002454, 0.008051, 0.019117, 0.001270, 0.000449, 0.085653, 0.001217, 0.052962, 0.000247, 0.011441
 0.001008, 0.028151, 0.046463, 0.227345, 0.484339, 0.002966, 0.003199, 0.009381, 0.022299, 0.001336, 0.000562, 0.094462, 0.001494, 0.062606, 0.000271, 0.014118
 0.000997, 0.025133, 0.041276, 0.225334, 0.509385, 0.002574, 0.002771, 0.008636, 0.020530, 0.001300, 0.000498, 0.089299, 0.001363, 0.058040, 0.000260, 0.012606
 0.001006, 0.025955, 0.042670, 0.227482, 0.500899, 0.002677, 0.002885, 0.008832, 0.021001, 0.001308, 0.000515, 0.090541, 0.001405, 0.059554, 0.000263, 0.013005
 0.000918, 0.020696, 0.033973, 0.204256, 0.566199, 0.002052, 0.002190, 0.007531, 0.017867, 0.001242, 0.000407, 0.082097, 0.001104, 0.048762, 0.000235, 0.010470
 0.000992, 0.024709, 0.040613, 0.224478, 0.513783, 0.002526, 0.002723, 0.008516, 0.020260, 0.001292, 0.000489, 0.088379, 0.001343, 0.057240, 0.000257, 0.012400
 0.000718, 0.014359, 0.023847, 0.152651, 0.675994, 0.001397, 0.001453, 0.005670, 0.013364, 0.001072, 0.000282, 0.067464, 0.000716, 0.033502, 0.000181, 0.007330
 0.000700, 0.013961, 0.023235, 0.148207, 0.684393, 0.001360, 0.001412, 0.005539, 0.013053, 0.001057, 0.000274, 0.066350, 0.000690, 0.032455, 0.000177, 0.007137
 0.000775, 0.015841, 0.026177, 0.166956, 0.646966, 0.001540, 0.001613, 0.006152, 0.014524, 0.001128, 0.000311, 0.071700, 0.000807, 0.037236, 0.000196, 0.008078
 0.000717, 0.014292, 0.023738, 0.152357, 0.677025, 0.001390, 0.001445, 0.005645, 0.013306, 0.001070, 0.000280, 0.067175, 0.000713, 0.033371, 0.000181, 0.007296
 0.001024, 0.028671, 0.047307, 0.231966, 0.476045, 0.003030, 0.003271, 0.009470, 0.022517, 0.001333, 0.000572, 0.094511, 0.001538, 0.064144, 0.000274, 0.014327
 0.000912, 0.034826, 0.060062, 0.202113, 0.455285, 0.004157, 0.004386, 0.011382, 0.026806, 0.001428, 0.000739, 0.112848, 0.001548, 0.065131, 0.000277, 0.018102
 0.000948, 0.022438, 0.036880, 0.212599, 0.543335, 0.002260, 0.002419, 0.007991, 0.018967, 0.001268, 0.000444, 0.085325, 0.001200, 0.052364, 0.000245, 0.011317
 0.000919, 0.020355, 0.033354, 0.204398, 0.569078, 0.002008, 0.002140, 0.007427, 0.017615, 0.001235, 0.000399, 0.081149, 0.001093, 0.048316, 0.000234, 0.010283
 0.000867, 0.018259, 0.029952, 0.190596, 0.601274, 0.001778, 0.001883, 0.006845, 0.016209, 0.001192, 0.000357, 0.076798, 0.000968, 0.043551, 0.000218, 0.009252
 0.000706, 0.014090, 0.023427, 0.149734, 0.681597, 0.001372, 0.001425, 0.005581, 0.013152, 0.001061, 0.000277, 0.066711, 0.000699, 0.032794, 0.000178, 0.007196
 0.001125, 0.007648, 0.010946, 0.328290, 0.561946, 0.000588, 0.000691, 0.003234, 0.007886, 0.000715, 0.000176, 0.043531, 0.000846, 0.028643, 0.000189, 0.003547
 0.000807, 0.016399, 0.026981, 0.174991, 0.634102, 0.001589, 0.001668, 0.006299, 0.014880, 0.001142, 0.000321, 0.072481, 0.000852, 0.038961, 0.000202, 0.008325
 0.000924, 0.034402, 0.058984, 0.205040, 0.456390, 0.004048, 0.004285, 0.011222, 0.026461, 0.001421, 0.000724, 0.110955, 0.001559, 0.065536, 0.000278, 0.017771
 0.000669, 0.013148, 0.021922, 0.140667, 0.700648, 0.001282, 0.001325, 0.005250, 0.012364, 0.001018, 0.000258, 0.063468, 0.000644, 0.030453, 0.000168, 0.006715
 0.000785, 0.015852, 0.026134, 0.169426, 0.644823, 0.001536, 0.001609, 0.006135, 0.014484, 0.001125, 0.000310, 0.071191, 0.000816, 0.037518, 0.000197, 0.008059
 0.000766, 0.015530, 0.025677, 0.164631, 0.652420, 0.001508, 0.001578, 0.006048, 0.014276, 0.001117, 0.000304, 0.070724, 0.000789, 0.036522, 0.000193, 0.007917
 0.000756, 0.011476, 0.018075, 0.180289, 0.673881, 0.001016, 0.001096, 0.004740, 0.011287, 0.000971, 0.000231, 0.059579, 0.000692, 0.029864, 0.000174, 0.005873
 0.000784, 0.016026, 0.026450, 0.169286, 0.643055, 0.001558, 0.001632, 0.006202, 0.014640, 0.001132, 0.000314, 0.071974, 0.000821, 0.037773, 0.000198, 0.008157
 0.000850, 0.017711, 0.029072, 0.186084, 0.610778, 0.001722, 0.001818, 0.006689, 0.015825, 0.001179, 0.000346, 0.075600, 0.000933, 0.042202, 0.000214, 0.008979
 0.000637, 0.012613, 0.021130, 0.132820, 0.713801, 0.001236, 0.001275, 0.005068, 0.011933, 0.000992, 0.000248, 0.062072, 0.000608, 0.028949, 0.000160, 0.006459
 0.000634, 0.012544, 0.021017, 0.132148, 0.715310, 0.001229, 0.001268, 0.005041, 0.011868, 0.000988, 0.000246, 0.061743, 0.000604, 0.028778, 0.000160, 0.006423
 0.000947, 0.031214, 0.052580, 0.211239, 0.475128, 0.003492, 0.003726, 0.010353, 0.024497, 0.001389, 0.000643, 0.103991, 0.001501, 0.063056, 0.000273, 0.015971
 0.000895, 0.035360, 0.061504, 0.198073, 0.453700, 0.004312, 0.004526, 0.011604, 0.027278, 0.001436, 0.000759, 0.115685, 0.001529, 0.064521, 0.000275, 0.018542
 0.000941, 0.035031, 0.059917, 0.208972, 0.449616, 0.004108, 0.004363, 0.011272, 0.026598, 0.001417, 0.000733, 0.109860, 0.001609, 0.067296, 0.000282, 0.017987
 0.001013, 0.029236, 0.048383, 0.228634, 0.474896, 0.003117, 0.003360, 0.009641, 0.022909, 0.001344, 0.000586, 0.096085, 0.001541, 0.064331, 0.000275, 0.014649
 0.000636, 0.012576, 0.021065, 0.132625, 0.714502, 0.001232, 0.001271, 0.005052, 0.011895, 0.000990, 0.000247, 0.061840, 0.000606, 0.028866, 0.000160, 0.006438
 0.001024, 0.028509, 0.047015, 0.231922, 0.477384, 0.003006, 0.003247, 0.009425, 0.022416, 0.001332, 0.000569, 0.094186, 0.001533, 0.063913, 0.000273, 0.014246
 0.000736, 0.014777, 0.024499, 0.157124, 0.667345, 0.001436, 0.001497, 0.005806, 0.013693, 0.001089, 0.000290, 0.068645, 0.000742, 0.034596, 0.000186, 0.007539
 0.000717, 0.014292, 0.023738, 0.152357, 0.677025, 0.001390, 0.001445, 0.005645, 0.013306, 0.001070, 0.000280, 0.067175, 0.000713, 0.033371, 0.000181, 0.007296
 0.000977, 0.023447, 0.038515, 0.220279, 0.527755, 0.002375, 0.002551, 0.008218, 0.019527, 0.001277, 0.000464, 0.086464, 0.001270, 0.054846, 0.000252, 0.011784
 0.000638, 0.012621, 0.021135, 0.133146, 0.713435, 0.001236, 0.001276, 0.005070, 0.011938, 0.000992, 0.000248, 0.062048, 0.000609, 0.028986, 0.000161, 0.006462
 0.000907, 0.019866, 0.032568, 0.201277, 0.576417, 0.001953, 0.002080, 0.007293, 0.017297, 0.001226, 0.000389, 0.080177, 0.001063, 0.047206, 0.000230, 0.010049
 0.000879, 0.019070, 0.031326, 0.193871, 0.590585, 0.001871, 0.001987, 0.007090, 0.016801, 0.001212, 0.000374, 0.078914, 0.001007, 0.045115, 0.000224, 0.009676
 0.000963, 0.007212, 0.010118, 0.271635, 0.627097, 0.000547, 0.000632, 0.003127, 0.007603, 0.000722, 0.000159, 0.041166, 0.000710, 0.024709, 0.000171, 0.003428
 0.001008, 0.025570, 0.041956, 0.227923, 0.503681, 0.002620, 0.002826, 0.008717, 0.020737, 0.001303, 0.000505, 0.089585, 0.001396, 0.059106, 0.000262, 0.012805
 0.000784, 0.015752, 0.025975, 0.169094, 0.646192, 0.001524, 0.001597, 0.006099, 0.014402, 0.001123, 0.000308, 0.070790, 0.000811, 0.037342, 0.000196, 0.008011
 0.000671, 0.013191, 0.021999, 0.140979, 0.699843, 0.001286, 0.001330, 0.005266, 0.012403, 0.001021, 0.000259, 0.063639, 0.000646, 0.030558, 0.000168, 0.006741
 0.000718, 0.014290, 0.023732, 0.152478, 0.676957, 0.001389, 0.001444, 0.005643, 0.013302, 0.001070, 0.000280, 0.067128, 0.000713, 0.033382, 0.000181, 0.007294
 0.000830, 0.017130, 0.028166, 0.180874, 0.621266, 0.001662, 0.001752, 0.006522, 0.015426, 0.001165, 0.000335, 0.074344, 0.000895, 0.040722, 0.000209, 0.008703
 0.000714, 0.014209, 0.023600, 0.151606, 0.678735, 0.001382, 0.001436, 0.005613, 0.013228, 0.001065, 0.000279, 0.066833, 0.000709, 0.033165, 0.000180, 0.007247
 0.001211, 0.010812, 0.016262, 0.343485, 0.515916, 0.000921, 0.001041, 0.004213, 0.010216, 0.000816, 0.000242, 0.052357, 0.001032, 0.036299, 0.000216, 0.004962
 0.000793, 0.007133, 0.010277, 0.224136, 0.673495, 0.000567, 0.000644, 0.003195, 0.007794, 0.000738, 0.000157, 0.044758, 0.000604, 0.022011, 0.000155, 0.003543
 0.000890, 0.035355, 0.061558, 0.197064, 0.454112, 0.004324, 0.004532, 0.011632, 0.027334, 0.001437, 0.000761, 0.116319, 0.001523, 0.064321, 0.000275, 0.018563
 0.001034, 0.026603, 0.043630, 0.235298, 0.488579, 0.002745, 0.002966, 0.008926, 0.021247, 0.001305, 0.000526, 0.090398, 0.001472, 0.061742, 0.000268, 0.013262
 0.000865, 0.017989, 0.029488, 0.189825, 0.604638, 0.001747, 0.001848, 0.006757, 0.015997, 0.001185, 0.000351, 0.075955, 0.000956, 0.043078, 0.000217, 0.009106
 0.000983, 0.023911, 0.039293, 0.222095, 0.522256, 0.002432, 0.002614, 0.008332, 0.019802, 0.001282, 0.000473, 0.087204, 0.001296, 0.055764, 0.000254, 0.012009
 0.001195, 0.007506, 0.010578, 0.359591, 0.532267, 0.000568, 0.000676, 0.003144, 0.007703, 0.000689, 0.000175, 0.042197, 0.000901, 0.029197, 0.000194, 0.003419
 0.000924, 0.034402, 0.058984, 0.205040, 0.456390, 0.004048, 0.004285, 0.011222, 0.026461, 0.001421, 0.000724, 0.110955, 0.001559, 0.065536, 0.000278, 0.017771
 0.000753, 0.015224, 0.025196, 0.161467, 0.658611, 0.001480, 0.001545, 0.005951, 0.014037, 0.001105, 0.000299, 0.069891, 0.000770, 0.035722, 0.000190, 0.007759
 0.000969, 0.022682, 0.037161, 0.217780, 0.536429, 0.002273, 0.002438, 0.008021, 0.019055, 0.001269, 0.000446, 0.085124, 0.001233, 0.053465, 0.000248, 0.011407
 0.000924, 0.033921, 0.058062, 0.205168, 0.459673, 0.003968, 0.004204, 0.011110, 0.026207, 0.001418, 0.000713, 0.110316, 0.001545, 0.064972, 0.000277, 0.017522
 0.000736, 0.014777, 0.024499, 0.157124, 0.667345, 0.001436, 0.001497, 0.005806, 0.013693, 0.001089, 0.000290, 0.068645, 0.000742, 0.034596, 0.000186, 0.007539
 0.000946, 0.032215, 0.054446, 0.210905, 0.468086, 0.003652, 0.003890, 0.010604, 0.025071, 0.001397, 0.000667, 0.105754, 0.001530, 0.064055, 0.000275, 0.016507
 0.000637, 0.012618, 0.021137, 0.132922, 0.713680, 0.001237, 0.001276, 0.005069, 0.011935, 0.000992, 0.000248, 0.062054, 0.000608, 0.028966, 0.000161, 0.006461
 0.000968, 0.022751, 0.037305, 0.217539, 0.536032, 0.002287, 0.002450, 0.008047, 0.019107, 0.001270, 0.000448, 0.085359, 0.001233, 0.053515, 0.000248, 0.011441
 0.001008, 0.028733, 0.047546, 0.227480, 0.479615, 0.003054, 0.003290, 0.009536, 0.022656, 0.001341, 0.000576, 0.095552, 0.001513, 0.063417, 0.000273, 0.014410
 0.000711, 0.014090, 0.023409, 0.150749, 0.680829, 0.001370, 0.001423, 0.005572, 0.013132, 0.001061, 0.000276, 0.066411, 0.000702, 0.032898, 0.000178, 0.007190
 0.000878, 0.019229, 0.031598, 0.193703, 0.589211, 0.001893, 0.002008, 0.007147, 0.016925, 0.001216, 0.000378, 0.079507, 0.001012, 0.045317, 0.000225, 0.009754
 0.000703, 0.014084, 0.023428, 0.149049, 0.682182, 0.001373, 0.001426, 0.005585, 0.013160, 0.001061, 0.000277, 0.066882, 0.000698, 0.032718, 0.000178, 0.007197
 0.000637, 0.012573, 0.021053, 0.132858, 0.714402, 0.001231, 0.001270, 0.005049, 0.011887, 0.000989, 0.000247, 0.061723, 0.000606, 0.028878, 0.000160, 0.006435
 0.001015, 0.026368, 0.043332, 0.230012, 0.495329, 0.002726, 0.002940, 0.008916, 0.021206, 0.001310, 0.000523, 0.090887, 0.001435, 0.060544, 0.000266, 0.013191
 0.000899, 0.034713, 0.060072, 0.199200, 0.457544, 0.004177, 0.004393, 0.011431, 0.026895, 0.001431, 0.000741, 0.114305, 0.001522, 0.064270, 0.000275, 0.018132
 0.000774, 0.015710, 0.025953, 0.166551, 0.648847, 0.001526, 0.001597, 0.006102, 0.014402, 0.001122, 0.000308, 0.071112, 0.000801, 0.037002, 0.000195, 0.008001
 0.000726, 0.014526, 0.024101, 0.154688, 0.672345, 0.001412, 0.001470, 0.005722, 0.013490, 0.001079, 0.000285, 0.067874, 0.000727, 0.033961, 0.000183, 0.007411
 0.000634, 0.012529, 0.020985, 0.132264, 0.715406, 0.001227, 0.001266, 0.005035, 0.011853, 0.000987, 0.000246, 0.061630, 0.000603, 0.028761, 0.000160, 0.006414
 0.000638, 0.012616, 0.021127, 0.133085, 0.713556, 0.001236, 0.001275, 0.005068, 0.011933, 0.000992, 0.000248, 0.062026, 0.000608, 0.028972, 0.000161, 0.006459
 0.001027, 0.029600, 0.048934, 0.232440, 0.468770, 0.003157, 0.003409, 0.009685, 0.023025, 0.001341, 0.000592, 0.095836, 0.001578, 0.065546, 0.000277, 0.014785
 0.000673, 0.013233, 0.022052, 0.141694, 0.698663, 0.001289, 0.001334, 0.005282, 0.012440, 0.001023, 0.000260, 0.063799, 0.000650, 0.030681, 0.000169, 0.006759
 0.000717, 0.014292, 0.023738, 0.152357, 0.677025, 0.001390, 0.001445, 0.005645, 0.013306, 0.001070, 0.000280, 0.067175, 0.000713, 0.033371, 0.000181, 0.007296
 0.000811, 0.016667, 0.027440, 0.176060, 0.630395, 0.001619, 0.001701, 0.006388, 0.015091, 0.001151, 0.000326, 0.073332, 0.000864, 0.039485, 0.000204, 0.008467
 0.000787, 0.016078, 0.026535, 0.170006, 0.641809, 0.001562, 0.001637, 0.006217, 0.014683, 0.001134, 0.000315, 0.072090, 0.000824, 0.037936, 0.000199, 0.008188
 0.000764, 0.011452, 0.017933, 0.183276, 0.670872, 0.001010, 0.001092, 0.004741, 0.011288, 0.000970, 0.000231, 0.059683, 0.000701, 0.029958, 0.000175, 0.005855
 0.000954, 0.007251, 0.010305, 0.261837, 0.636936, 0.000554, 0.000633, 0.003143, 0.007561, 0.000730, 0.000158, 0.040756, 0.000697, 0.024871, 0.000169, 0.003444
 0.000969, 0.022682, 0.037161, 0.217780, 0.536429, 0.002273, 0.002438, 0.008021, 0.019055, 0.001269, 0.000446, 0.085124, 0.001233, 0.053465, 0.000248, 0.011407
 0.000887, 0.035133, 0.061278, 0.196218, 0.456110, 0.004310, 0.004512, 0.011604, 0.027262, 0.001438, 0.000758, 0.116553, 0.001506, 0.063650, 0.000273, 0.018510
 0.000777, 0.015606, 0.025752, 0.167397, 0.649251, 0.001511, 0.001581, 0.006056, 0.014299, 0.001118, 0.000305, 0.070482, 0.000800, 0.036927, 0.000195, 0.007943
 0.001128, 0.006517, 0.009259, 0.342168, 0.561082, 0.000487, 0.000589, 0.002785, 0.006820, 0.000648, 0.000154, 0.037769, 0.000803, 0.026609, 0.000179, 0.003003
 0.000832, 0.006028, 0.008651, 0.225553, 0.688572, 0.000447, 0.000508, 0.002678, 0.006416, 0.000680, 0.000128, 0.034957, 0.000562, 0.020935, 0.000145, 0.002908
 0.000899, 0.034713, 0.060072, 0.199200, 0.457544, 0.004177, 0.004393, 0.011431, 0.026895, 0.001431, 0.000741, 0.114305, 0.001522, 0.064270, 0.000275, 0.018132
 0.000827, 0.016805, 0.027603, 0.179858, 0.625591, 0.001626, 0.001711, 0.006409, 0.015154, 0.001154, 0.000328, 0.073185, 0.000882, 0.040140, 0.000207, 0.008522
 0.000786, 0.016092, 0.026563, 0.169839, 0.641816, 0.001564, 0.001640, 0.006223, 0.014696, 0.001135, 0.000315, 0.072176, 0.000824, 0.037936, 0.000199, 0.008196
 0.001008, 0.028151, 0.046463, 0.227345, 0.484339, 0.002966, 0.003199, 0.009381, 0.022299, 0.001336, 0.000562, 0.094462, 0.001494, 0.062606, 0.000271, 0.014118
 0.000944, 0.030789, 0.051816, 0.210173, 0.479203, 0.003435, 0.003659, 0.010268, 0.024288, 0.001388, 0.000634, 0.103685, 0.001477, 0.062189, 0.000271, 0.015779
 0.000970, 0.030108, 0.050250, 0.217614, 0.478049, 0.003287, 0.003524, 0.009997, 0.023700, 0.001370, 0.000613, 0.100417, 0.001506, 0.063059, 0.000273, 0.015263
 0.000992, 0.024709, 0.040613, 0.224478, 0.513783, 0.002526, 0.002723, 0.008516, 0.020260, 0.001292, 0.000489, 0.088379, 0.001343, 0.057240, 0.000257, 0.012400
 0.000755, 0.011002, 0.017222, 0.185463, 0.673595, 0.000969, 0.001050, 0.004567, 0.010878, 0.000944, 0.000223, 0.057827, 0.000683, 0.029013, 0.000171, 0.005639
 0.000983, 0.023911, 0.039293, 0.222095, 0.522256, 0.002432, 0.002614, 0.008332, 0.019802, 0.001282, 0.000473, 0.087204, 0.001296, 0.055764, 0.000254, 0.012009
 0.000727, 0.011424, 0.018253, 0.171881, 0.682754, 0.001026, 0.001102, 0.004728, 0.011255, 0.000969, 0.000230, 0.059802, 0.000663, 0.029138, 0.000170, 0.005880
 0.000947, 0.031214, 0.052580, 0.211239, 0.475128, 0.003492, 0.003726, 0.010353, 0.024497, 0.001389, 0.000643, 0.103991, 0.001501, 0.063056, 0.000273, 0.015971
 0.001125, 0.007648, 0.010946, 0.328290, 0.561946, 0.000588, 0.000691, 0.003234, 0.007886, 0.000715, 0.000176, 0.043531, 0.000846, 0.028643, 0.000189, 0.003547
 0.000912, 0.034826, 0.060062, 0.202113, 0.455285, 0.004157, 0.004386, 0.011382, 0.026806, 0.001428, 0.000739, 0.112848, 0.001548, 0.065131, 0.000277, 0.018102
 0.000766, 0.011737, 0.018343, 0.178836, 0.672484, 0.001037, 0.001111, 0.004858, 0.011541, 0.000987, 0.000236, 0.060807, 0.000708, 0.030408, 0.000177, 0.005963
 0.001021, 0.026905, 0.044243, 0.231507, 0.489750, 0.002795, 0.003016, 0.009043, 0.021506, 0.001315, 0.000534, 0.091647, 0.001463, 0.061542, 0.000268, 0.013447
 0.000636, 0.012572, 0.021064, 0.132537, 0.714683, 0.001232, 0.001271, 0.005050, 0.011889, 0.000989, 0.000247, 0.061772, 0.000605, 0.028857, 0.000160, 0.006437
 0.001068, 0.006631, 0.009208, 0.319311, 0.583800, 0.000490, 0.000582, 0.002879, 0.007036, 0.000673, 0.000152, 0.039098, 0.000767, 0.025036, 0.000176, 0.003094
 0.000934, 0.035063, 0.060096, 0.207306, 0.450480, 0.004131, 0.004381, 0.011315, 0.026688, 0.001420, 0.000736, 0.110630, 0.001597, 0.066891, 0.000281, 0.018051
 0.000784, 0.015907, 0.026249, 0.169220, 0.644374, 0.001543, 0.001617, 0.006157, 0.014538, 0.001128, 0.000311, 0.071461, 0.000816, 0.037601, 0.000197, 0.008094
 0.001024, 0.028509, 0.047015, 0.231922, 0.477384, 0.003006, 0.003247, 0.009425, 0.022416, 0.001332, 0.000569, 0.094186, 0.001533, 0.063913, 0.000273, 0.014246
 0.000664, 0.013068, 0.021803, 0.139470, 0.702508, 0.001275, 0.001318, 0.005227, 0.012310, 0.001015, 0.000256, 0.063377, 0.000639, 0.030222, 0.000167, 0.006680
 0.000989, 0.028564, 0.047328, 0.221819, 0.486211, 0.003040, 0.003268, 0.009545, 0.022660, 0.001349, 0.000574, 0.096361, 0.001478, 0.062144, 0.000270, 0.014401
 0.001010, 0.028849, 0.047724, 0.228051, 0.478315, 0.003066, 0.003306, 0.009553, 0.022703, 0.001341, 0.000578, 0.095579, 0.001523, 0.063668, 0.000273, 0.014462
 0.000928, 0.034735, 0.059578, 0.205772, 0.453701, 0.004095, 0.004337, 0.011278, 0.026592, 0.001421, 0.000731, 0.110969, 0.001575, 0.066083, 0.000279, 0.017928
 0.000971, 0.023498, 0.038633, 0.218840, 0.528696, 0.002385, 0.002560, 0.008242, 0.019582, 0.001279, 0.000465, 0.086789, 0.001266, 0.054720, 0.000252, 0.011821
 0.001037, 0.026370, 0.043238, 0.236438, 0.489315, 0.002717, 0.002938, 0.008859, 0.021093, 0.001300, 0.000522, 0.089813, 0.001467, 0.061488, 0.000267, 0.013139
 0.000784, 0.015752, 0.025975, 0.169094, 0.646192, 0.001524, 0.001597, 0.006099, 0.014402, 0.001123, 0.000308, 0.070790, 0.000811, 0.037342, 0.000196, 0.008011
 0.000958, 0.033026, 0.055850, 0.213571, 0.460005, 0.003748, 0.004002, 0.010745, 0.025416, 0.001399, 0.000682, 0.105811, 0.001580, 0.066100, 0.000279, 0.016829
 0.000667, 0.013133, 0.021903, 0.140259, 0.701060, 0.001281, 0.001324, 0.005250, 0.012363, 0.001018, 0.000258, 0.063567, 0.000643, 0.030395, 0.000168, 0.006712
 0.000703, 0.014084, 0.023428, 0.149049, 0.682182, 0.001373, 0.001426, 0.005585, 0.013160, 0.001061, 0.000277, 0.066882, 0.000698, 0.032718, 0.000178, 0.007197
 0.001019, 0.026143, 0.042944, 0.231401, 0.495809, 0.002698, 0.002912, 0.008846, 0.021048, 0.001304, 0.000518, 0.090234, 0.001432, 0.060360, 0.000265, 0.013068
 0.000631, 0.012512, 0.020977, 0.131449, 0.716293, 0.001227, 0.001266, 0.005030, 0.011842, 0.000986, 0.000246, 0.061700, 0.000601, 0.028673, 0.000159, 0.006408
 0.001013, 0.025576, 0.041990, 0.229902, 0.501757, 0.002626, 0.002835, 0.008705, 0.020717, 0.001298, 0.000506, 0.089309, 0.001403, 0.059307, 0.000262, 0.012795
 0.000993, 0.024766, 0.040681, 0.224290, 0.513296, 0.002531, 0.002724, 0.008546, 0.020318, 0.001295, 0.000490, 0.088722, 0.001342, 0.057316, 0.000258, 0.012429
 0.000677, 0.013311, 0.022170, 0.142594, 0.696811, 0.001296, 0.001342, 0.005313, 0.012515, 0.001028, 0.000261, 0.064166, 0.000655, 0.030889, 0.000170, 0.006802
 0.000753, 0.015224, 0.025196, 0.161467, 0.658611, 0.001480, 0.001545, 0.005951, 0.014037, 0.001105, 0.000299, 0.069891, 0.000770, 0.035722, 0.000190, 0.007759
 0.000673, 0.013233, 0.022052, 0.141623, 0.698642, 0.001289, 0.001334, 0.005285, 0.012447, 0.001023, 0.000260, 0.063885, 0.000650, 0.030675, 0.000169, 0.006761
 0.000757, 0.011638, 0.018264, 0.178155, 0.673802, 0.001030, 0.001107, 0.004829, 0.011488, 0.000984, 0.000235, 0.060905, 0.000698, 0.029991, 0.000176, 0.005940
 0.000983, 0.023911, 0.039293, 0.222095, 0.522256, 0.002432, 0.002614, 0.008332, 0.019802, 0.001282, 0.000473, 0.087204, 0.001296, 0.055764, 0.000254, 0.012009
 0.001014, 0.025521, 0.041885, 0.230130, 0.501872, 0.002618, 0.002825, 0.008695, 0.020688, 0.001298, 0.000505, 0.089242, 0.001401, 0.059280, 0.000262, 0.012765
 0.000974, 0.023628, 0.038854, 0.219672, 0.526904, 0.002400, 0.002580, 0.008268, 0.019650, 0.001280, 0.000468, 0.086901, 0.001275, 0.055009, 0.000252, 0.011883
 0.000971, 0.023498, 0.038633, 0.218840, 0.528696, 0.002385, 0.002560, 0.008242, 0.019582, 0.001279, 0.000465, 0.086789, 0.001266, 0.054720, 0.000252, 0.011821
 0.001010, 0.028849, 0.047724, 0.228051, 0.478315, 0.003066, 0.003306, 0.009553, 0.022703, 0.001341, 0.000578, 0.095579, 0.001523, 0.063668, 0.000273, 0.014462
 0.000832, 0.006028, 0.008651, 0.225553, 0.688572, 0.000447, 0.000508, 0.002678, 0.006416, 0.000680, 0.000128, 0.034957, 0.000562, 0.020935, 0.000145, 0.002908
 0.000851, 0.017955, 0.029501, 0.186446, 0.607974, 0.001750, 0.001850, 0.006773, 0.016030, 0.001187, 0.000352, 0.076474, 0.000942, 0.042583, 0.000215, 0.009118
 0.000782, 0.011781, 0.018257, 0.182895, 0.667904, 0.001035, 0.001111, 0.004881, 0.011596, 0.000991, 0.000237, 0.060901, 0.000724, 0.030748, 0.000179, 0.005976
 0.000935, 0.031879, 0.054011, 0.207894, 0.472771, 0.003620, 0.003850, 0.010571, 0.024984, 0.001401, 0.000662, 0.106254, 0.001498, 0.062997, 0.000273, 0.016401
 0.000902, 0.035408, 0.061425, 0.199698, 0.452610, 0.004292, 0.004513, 0.011570, 0.027215, 0.001434, 0.000757, 0.114768, 0.001545, 0.065088, 0.000277, 0.018497
 0.000874, 0.036213, 0.063776, 0.193262, 0.449708, 0.004561, 0.004748, 0.011934, 0.027978, 0.001445, 0.000791, 0.119761, 0.001512, 0.063947, 0.000273, 0.019217
 0.000734, 0.014665, 0.024309, 0.156667, 0.669067, 0.001424, 0.001483, 0.005764, 0.013591, 0.001084, 0.000287, 0.068142, 0.000738, 0.034384, 0.000185, 0.007477
 0.000973, 0.031046, 0.051935, 0.217894, 0.471197, 0.003422, 0.003668, 0.010206, 0.024187, 0.001377, 0.000634, 0.101591, 0.001541, 0.064306, 0.000275, 0.015748
 0.000763, 0.015394, 0.025453, 0.163946, 0.654547, 0.001494, 0.001561, 0.006000, 0.014160, 0.001112, 0.000301, 0.070200, 0.000783, 0.036250, 0.000192, 0.007844
 0.000983, 0.023911, 0.039293, 0.222095, 0.522256, 0.002432, 0.002614, 0.008332, 0.019802, 0.001282, 0.000473, 0.087204, 0.001296, 0.055764, 0.000254, 0.012009
 0.000931, 0.020879, 0.034210, 0.207517, 0.561497, 0.002068, 0.002206, 0.007568, 0.017952, 0.001243, 0.000410, 0.082147, 0.001123, 0.049475, 0.000237, 0.010536
 0.000717, 0.014292, 0.023738, 0.152357, 0.677025, 0.001390, 0.001445, 0.005645, 0.013306, 0.001070, 0.000280, 0.067175, 0.000713, 0.033371, 0.000181, 0.007296
 0.000769, 0.011839, 0.018572, 0.181230, 0.669009, 0.001047, 0.001128, 0.004881, 0.011622, 0.000990, 0.000238, 0.061107, 0.000713, 0.030633, 0.000178, 0.006043
 0.000768, 0.015409, 0.025446, 0.164949, 0.653566, 0.001494, 0.001561, 0.005998, 0.014153, 0.001111, 0.000302, 0.070061, 0.000787, 0.036362, 0.000193, 0.007841
 0.000924, 0.034402, 0.058984, 0.205040, 0.456390, 0.004048, 0.004285, 0.011222, 0.026461, 0.001421, 0.000724, 0.110955, 0.001559, 0.065536, 0.000278, 0.017771
 0.001015, 0.026368, 0.043332, 0.230012, 0.495329, 0.002726, 0.002940, 0.008916, 0.021206, 0.001310, 0.000523, 0.090887, 0.001435, 0.060544, 0.000266, 0.013191
 0.000711, 0.014147, 0.023503, 0.150952, 0.680039, 0.001376, 0.001429, 0.005592, 0.013177, 0.001062, 0.000278, 0.066632, 0.000705, 0.033002, 0.000179, 0.007215
 0.000780, 0.012315, 0.019385, 0.183913, 0.661778, 0.001098, 0.001183, 0.005029, 0.011973, 0.001005, 0.000247, 0.062368, 0.000737, 0.031726, 0.000182, 0.006282
 0.000983, 0.023911, 0.039293, 0.222095, 0.522256, 0.002432, 0.002614, 0.008332, 0.019802, 0.001282, 0.000473, 0.087204, 0.001296, 0.055764, 0.000254, 0.012009
 0.000850, 0.017711, 0.029072, 0.186084, 0.610778, 0.001722, 0.001818, 0.006689, 0.015825, 0.001179, 0.000346, 0.075600, 0.000933, 0.042202, 0.000214, 0.008979
 0.000933, 0.034212, 0.058475, 0.207166, 0.456450, 0.003994, 0.004237, 0.011131, 0.026263, 0.001416, 0.000716, 0.109698, 0.001569, 0.065845, 0.000279, 0.017615
 0.001025, 0.026655, 0.043804, 0.233149, 0.490161, 0.002764, 0.002984, 0.008966, 0.021331, 0.001308, 0.000529, 0.090932, 0.001460, 0.061356, 0.000267, 0.013310
 0.000955, 0.030265, 0.050716, 0.213326, 0.480459, 0.003331, 0.003561, 0.010091, 0.023901, 0.001379, 0.000619, 0.101821, 0.001483, 0.062395, 0.000272, 0.015425
 0.000711, 0.014090, 0.023409, 0.150749, 0.680829, 0.001370, 0.001423, 0.005572, 0.013132, 0.001061, 0.000276, 0.066411, 0.000702, 0.032898, 0.000178, 0.007190
 0.000865, 0.017989, 0.029488, 0.189825, 0.604638, 0.001747, 0.001848, 0.006757, 0.015997, 0.001185, 0.000351, 0.075955, 0.000956, 0.043078, 0.000217, 0.009106
 0.000959, 0.030999, 0.052027, 0.214182, 0.474553, 0.003438, 0.003677, 0.010248, 0.024273, 0.001383, 0.000635, 0.102638, 0.001514, 0.063400, 0.000274, 0.015798
 0.000973, 0.023375, 0.038408, 0.219510, 0.529148, 0.002367, 0.002543, 0.008198, 0.019485, 0.001276, 0.000462, 0.086351, 0.001265, 0.054632, 0.000251, 0.011755
 0.001118, 0.005822, 0.008348, 0.339142, 0.573962, 0.000428, 0.000519, 0.002483, 0.006033, 0.000612, 0.000134, 0.032941, 0.000744, 0.024860, 0.000168, 0.002684
 0.001003, 0.006600, 0.009239, 0.293138, 0.611233, 0.000490, 0.000574, 0.002895, 0.007017, 0.000689, 0.000148, 0.038899, 0.000714, 0.024075, 0.000169, 0.003117
 0.000983, 0.023911, 0.039293, 0.222095, 0.522256, 0.002432, 0.002614, 0.008332, 0.019802, 0.001282, 0.000473, 0.087204, 0.001296, 0.055764, 0.000254, 0.012009
 0.000774, 0.015710, 0.025953, 0.166551, 0.648847, 0.001526, 0.001597, 0.006102, 0.014402, 0.001122, 0.000308, 0.071112, 0.000801, 0.037002, 0.000195, 0.008001
 0.000868, 0.035520, 0.062502, 0.192220, 0.454652, 0.004458, 0.004637, 0.011816, 0.027701, 0.001444, 0.000777, 0.119844, 0.001484, 0.062910, 0.000271, 0.018895
 0.000995, 0.024554, 0.040383, 0.225359, 0.514035, 0.002512, 0.002705, 0.008479, 0.020161, 0.001287, 0.000487, 0.088015, 0.001335, 0.057123, 0.000257, 0.012314
 0.000711, 0.014090, 0.023409, 0.150749, 0.680829, 0.001370, 0.001423, 0.005572, 0.013132, 0.001061, 0.000276, 0.066411, 0.000702, 0.032898, 0.000178, 0.007190
 0.001288, 0.007579, 0.010797, 0.389751, 0.501647, 0.000576, 0.000692, 0.003085, 0.007563, 0.000667, 0.000180, 0.040312, 0.000970, 0.031319, 0.000200, 0.003375
 0.000716, 0.014211, 0.023605, 0.151916, 0.678411, 0.001381, 0.001436, 0.005613, 0.013231, 0.001066, 0.000278, 0.066790, 0.000709, 0.033206, 0.000180, 0.007252
 0.000712, 0.014185, 0.023573, 0.151140, 0.679294, 0.001380, 0.001434, 0.005610, 0.013224, 0.001066, 0.000278, 0.066892, 0.000706, 0.033083, 0.000179, 0.007245
 0.000909, 0.019903, 0.032614, 0.201720, 0.575636, 0.001957, 0.002083, 0.007305, 0.017318, 0.001227, 0.000390, 0.080259, 0.001066, 0.047323, 0.000231, 0.010059
 0.000711, 0.014147, 0.023503, 0.150952, 0.680039, 0.001376, 0.001429, 0.005592, 0.013177, 0.001062, 0.000278, 0.066632, 0.000705, 0.033002, 0.000179, 0.007215
 0.000719, 0.014385, 0.023885, 0.152963, 0.675404, 0.001400, 0.001455, 0.005679, 0.013386, 0.001073, 0.000282, 0.067557, 0.000718, 0.033569, 0.000181, 0.007342
 0.000761, 0.015271, 0.025252, 0.163186, 0.656612, 0.001481, 0.001547, 0.005956, 0.014056, 0.001107, 0.000299, 0.069741, 0.000776, 0.035985, 0.000191, 0.007780
 0.000774, 0.015710, 0.025953, 0.166551, 0.648847, 0.001526, 0.001597, 0.006102, 0.014402, 0.001122, 0.000308, 0.071112, 0.000801, 0.037002, 0.000195, 0.008001
 0.000734, 0.014665, 0.024309, 0.156667, 0.669067, 0.001424, 0.001483, 0.005764, 0.013591, 0.001084, 0.000287, 0.068142, 0.000738, 0.034384, 0.000185, 0.007477
 0.001005, 0.026028, 0.042800, 0.227156, 0.500610, 0.002688, 0.002896, 0.008856, 0.021055, 0.001310, 0.000517, 0.090767, 0.001406, 0.059598, 0.000264, 0.013045
 0.001021, 0.026905, 0.044243, 0.231507, 0.489750, 0.002795, 0.003016, 0.009043, 0.021506, 0.001315, 0.000534, 0.091647, 0.001463, 0.061542, 0.000268, 0.013447
 0.000774, 0.015710, 0.025953, 0.166551, 0.648847, 0.001526, 0.001597, 0.006102, 0.014402, 0.001122, 0.000308, 0.071112, 0.000801, 0.037002, 0.000195, 0.008001
 0.000775, 0.012230, 0.019223, 0.180854, 0.665549, 0.001089, 0.001171, 0.005016, 0.011933, 0.001006, 0.000246, 0.062289, 0.000729, 0.031474, 0.000181, 0.006235
 0.001007, 0.024960, 0.040901, 0.228112, 0.508326, 0.002543, 0.002743, 0.008557, 0.020361, 0.001293, 0.000493, 0.088390, 0.001372, 0.058186, 0.000260, 0.012496
 0.000967, 0.023441, 0.038558, 0.217746, 0.530192, 0.002381, 0.002555, 0.008235, 0.019560, 0.001279, 0.000464, 0.086831, 0.001259, 0.054482, 0.000251, 0.011799
 0.000862, 0.018137, 0.029751, 0.189303, 0.603668, 0.001767, 0.001868, 0.006813, 0.016123, 0.001189, 0.000355, 0.076588, 0.000959, 0.043211, 0.000217, 0.009187
 0.000964, 0.023144, 0.038053, 0.216954, 0.533492, 0.002342, 0.002515, 0.008150, 0.019368, 0.001275, 0.000458, 0.086188, 0.001246, 0.053945, 0.000249, 0.011656
 0.000635, 0.012560, 0.021039, 0.132348, 0.714864, 0.001231, 0.001270, 0.005049, 0.011886, 0.000989, 0.000247, 0.061867, 0.000605, 0.028821, 0.000160, 0.006431
 0.000673, 0.013233, 0.022052, 0.141694, 0.698663, 0.001289, 0.001334, 0.005282, 0.012440, 0.001023, 0.000260, 0.063799, 0.000650, 0.030681, 0.000169, 0.006759
 0.000784, 0.015752, 0.025975, 0.169094, 0.646192, 0.001524, 0.001597, 0.006099, 0.014402, 0.001123, 0.000308, 0.070790, 0.000811, 0.037342, 0.000196, 0.008011
 0.000919, 0.020355, 0.033354, 0.204398, 0.569078, 0.002008, 0.002140, 0.007427, 0.017615, 0.001235, 0.000399, 0.081149, 0.001093, 0.048316, 0.000234, 0.010283
 0.000964, 0.007027, 0.010094, 0.270679, 0.628707, 0.000539, 0.000628, 0.003051, 0.007407, 0.000710, 0.000157, 0.040855, 0.000701, 0.024959, 0.000169, 0.003354
 0.000714, 0.014209, 0.023600, 0.151606, 0.678735, 0.001382, 0.001436, 0.005613, 0.013228, 0.001065, 0.000279, 0.066833, 0.000709, 0.033165, 0.000180, 0.007247
 0.001014, 0.028599, 0.047243, 0.229262, 0.479140, 0.003026, 0.003266, 0.009475, 0.022526, 0.001337, 0.000572, 0.094870, 0.001521, 0.063556, 0.000273, 0.014322
 0.000662, 0.013066, 0.021821, 0.138853, 0.703191, 0.001276, 0.001319, 0.005225, 0.012304, 0.001015, 0.000256, 0.063364, 0.000637, 0.030166, 0.000166, 0.006680
 0.000637, 0.012618, 0.021137, 0.132922, 0.713680, 0.001237, 0.001276, 0.005069, 0.011935, 0.000992, 0.000248, 0.062054, 0.000608, 0.028966, 0.000161, 0.006461
 0.001211, 0.010812, 0.016262, 0.343485, 0.515916, 0.000921, 0.001041, 0.004213, 0.010216, 0.000816, 0.000242, 0.052357, 0.001032, 0.036299, 0.000216, 0.004962
 0.000992, 0.024448, 0.040193, 0.224555, 0.515576, 0.002499, 0.002687, 0.008462, 0.020111, 0.001287, 0.000485, 0.087985, 0.001326, 0.056874, 0.000257, 0.012264
 0.000992, 0.024448, 0.040193, 0.224555, 0.515576, 0.002499, 0.002687, 0.008462, 0.020111, 0.001287, 0.000485, 0.087985, 0.001326, 0.056874, 0.000257, 0.012264
 0.000949, 0.031695, 0.053444, 0.211600, 0.471386, 0.003563, 0.003800, 0.010463, 0.024753, 0.001393, 0.000654, 0.104648, 0.001519, 0.063645, 0.000274, 0.016216
 0.000717, 0.014292, 0.023738, 0.152357, 0.677025, 0.001390, 0.001445, 0.005645, 0.013306, 0.001070, 0.000280, 0.067175, 0.000713, 0.033371, 0.000181, 0.007296
 0.000720, 0.014379, 0.023876, 0.153065, 0.675367, 0.001398, 0.001455, 0.005676, 0.013382, 0.001074, 0.000282, 0.067513, 0.000718, 0.033573, 0.000181, 0.007341
 0.000964, 0.023144, 0.038053, 0.216954, 0.533492, 0.002342, 0.002515, 0.008150, 0.019368, 0.001275, 0.000458, 0.086188, 0.001246, 0.053945, 0.000249, 0.011656
 0.000763, 0.015403, 0.025472, 0.163797, 0.654564, 0.001495, 0.001563, 0.006004, 0.014172, 0.001112, 0.000302, 0.070281, 0.000782, 0.036245, 0.000192, 0.007851
 0.000837, 0.017385, 0.028570, 0.182665, 0.617109, 0.001690, 0.001781, 0.006599, 0.015606, 0.001171, 0.000340, 0.074985, 0.000910, 0.041318, 0.000211, 0.008823
 0.000880, 0.035840, 0.062835, 0.194750, 0.451760, 0.004460, 0.004656, 0.011806, 0.027705, 0.001442, 0.000778, 0.118330, 0.001515, 0.064023, 0.000274, 0.018944
 0.000719, 0.014360, 0.023843, 0.152916, 0.675756, 0.001397, 0.001452, 0.005669, 0.013361, 0.001072, 0.000282, 0.067416, 0.000717, 0.033530, 0.000181, 0.007328
 0.000748, 0.015094, 0.024995, 0.160071, 0.661236, 0.001467, 0.001531, 0.005911, 0.013941, 0.001101, 0.000296, 0.069584, 0.000762, 0.035377, 0.000189, 0.007697
 0.000801, 0.013179, 0.020731, 0.185914, 0.651195, 0.001187, 0.001278, 0.005331, 0.012677, 0.001040, 0.000265, 0.065050, 0.000780, 0.033668, 0.000189, 0.006714
 0.000835, 0.017224, 0.028286, 0.182105, 0.619334, 0.001672, 0.001761, 0.006543, 0.015468, 0.001165, 0.000337, 0.074412, 0.000903, 0.041016, 0.000210, 0.008730
 0.001009, 0.028497, 0.047083, 0.227543, 0.481556, 0.003014, 0.003251, 0.009463, 0.022493, 0.001339, 0.000570, 0.094984, 0.001509, 0.063127, 0.000272, 0.014290
 0.000780, 0.012315, 0.019385, 0.183913, 0.661778, 0.001098, 0.001183, 0.005029, 0.011973, 0.001005, 0.000247, 0.062368, 0.000737, 0.031726, 0.000182, 0.006282
 0.000851, 0.035229, 0.062564, 0.188403, 0.457150, 0.004522, 0.004666, 0.011888, 0.027814, 0.001447, 0.000783, 0.122793, 0.001440, 0.061198, 0.000266, 0.018988
 0.000999, 0.025051, 0.041064, 0.225225, 0.510137, 0.002556, 0.002748, 0.008616, 0.020472, 0.001301, 0.000495, 0.089160, 0.001361, 0.057996, 0.000260, 0.012560
 0.000895, 0.035360, 0.061504, 0.198073, 0.453700, 0.004312, 0.004526, 0.011604, 0.027278, 0.001436, 0.000759, 0.115685, 0.001529, 0.064521, 0.000275, 0.018542
 0.000760, 0.015456, 0.025569, 0.163283, 0.654459, 0.001503, 0.001571, 0.006028, 0.014221, 0.001113, 0.000303, 0.070614, 0.000783, 0.036265, 0.000192, 0.007879
 0.000850, 0.017711, 0.029072, 0.186084, 0.610778, 0.001722, 0.001818, 0.006689, 0.015825, 0.001179, 0.000346, 0.075600, 0.000933, 0.042202, 0.000214, 0.008979
 0.000941, 0.034128, 0.058183, 0.209152, 0.455630, 0.003960, 0.004209, 0.011072, 0.026144, 0.001413, 0.000712, 0.108809, 0.001582, 0.066269, 0.000280, 0.017516
 0.001010, 0.028849, 0.047724, 0.228051, 0.478315, 0.003066, 0.003306, 0.009553, 0.022703, 0.001341, 0.000578, 0.095579, 0.001523, 0.063668, 0.000273, 0.014462
 0.001013, 0.029236, 0.048383, 0.228634, 0.474896, 0.003117, 0.003360, 0.009641, 0.022909, 0.001344, 0.000586, 0.096085, 0.001541, 0.064331, 0.000275, 0.014649
 0.000811, 0.016667, 0.027440, 0.176060, 0.630395, 0.001619, 0.001701, 0.006388, 0.015091, 0.001151, 0.000326, 0.073332, 0.000864, 0.039485, 0.000204, 0.008467
 0.000838, 0.017310, 0.028440, 0.182909, 0.617622, 0.001680, 0.001772, 0.006571, 0.015545, 0.001169, 0.000338, 0.074665, 0.000908, 0.041236, 0.000211, 0.008786
 0.000646, 0.012768, 0.021359, 0.135054, 0.709935, 0.001249, 0.001290, 0.005125, 0.012065, 0.001000, 0.000251, 0.062563, 0.000618, 0.029378, 0.000163, 0.006535
 0.000720, 0.014379, 0.023876, 0.153065, 0.675367, 0.001398, 0.001455, 0.005676, 0.013382, 0.001074, 0.000282, 0.067513, 0.000718, 0.033573, 0.000181, 0.007341
 0.000678, 0.013335, 0.022220, 0.142684, 0.696625, 0.001299, 0.001345, 0.005317, 0.012523, 0.001028, 0.000261, 0.064115, 0.000655, 0.030936, 0.000170, 0.006811
 0.000909, 0.019828, 0.032489, 0.201815, 0.576261, 0.001947, 0.002074, 0.007278, 0.017261, 0.001225, 0.000388, 0.079981, 0.001064, 0.047226, 0.000230, 0.010024
 0.000664, 0.013068, 0.021803, 0.139470, 0.702508, 0.001275, 0.001318, 0.005227, 0.012310, 0.001015, 0.000256, 0.063377, 0.000639, 0.030222, 0.000167, 0.006680
 0.000946, 0.022738, 0.037440, 0.212196, 0.541265, 0.002303, 0.002466, 0.008076, 0.019170, 0.001272, 0.000451, 0.086031, 0.001209, 0.052716, 0.000246, 0.011476
 0.000631, 0.012502, 0.020952, 0.131500, 0.716243, 0.001226, 0.001264, 0.005029, 0.011840, 0.000986, 0.000246, 0.061756, 0.000601, 0.028662, 0.000159, 0.006403
